

Problem
  Name                   :                 
  Objective sense        : min             
  Type                   : LO (linear optimization problem)
  Constraints            : 627             
  Cones                  : 0               
  Scalar variables       : 26              
  Matrix variables       : 0               
  Integer variables      : 25              

Optimizer started.
Mixed integer optimizer started.
Threads used: 6
Presolve started.
Presolve terminated. Time = 0.00
Presolved problem: 26 variables, 326 constraints, 975 non-zeros
Presolved problem: 0 general integer, 25 binary, 1 continuous
Clique table size: 0
BRANCHES RELAXS   ACT_NDS  DEPTH    BEST_INT_OBJ         BEST_RELAX_OBJ       REL_GAP(%)  TIME  
0        0        1        0        0.0000000000e+00     NA                   NA          0.0   
0        1        1        0        0.0000000000e+00     -4.5254833996e+00    4.53e+12    0.0   
Cut generation started.
0        1        1        0        0.0000000000e+00     -4.5254833996e+00    4.53e+12    0.0   
0        2        1        0        0.0000000000e+00     -3.5826743580e+00    3.58e+12    0.0   
0        3        1        0        0.0000000000e+00     -2.8362838668e+00    2.84e+12    0.0   
0        4        1        0        0.0000000000e+00     -2.8067392431e+00    2.81e+12    0.0   
0        5        1        0        0.0000000000e+00     -2.7762973858e+00    2.78e+12    0.0   
0        6        1        0        0.0000000000e+00     -2.7449586638e+00    2.74e+12    0.0   
0        7        1        0        0.0000000000e+00     -2.7127258955e+00    2.71e+12    0.0   
0        8        1        0        0.0000000000e+00     -2.6796044801e+00    2.68e+12    0.0   
0        9        1        0        0.0000000000e+00     -2.6456025192e+00    2.65e+12    0.0   
0        10       1        0        0.0000000000e+00     -2.6107309269e+00    2.61e+12    0.0   
0        11       1        0        0.0000000000e+00     -2.5750035275e+00    2.58e+12    0.0   
0        12       1        0        0.0000000000e+00     -2.5384371365e+00    2.54e+12    0.0   
0        13       1        0        0.0000000000e+00     -2.5010516255e+00    2.50e+12    0.0   
0        14       1        0        0.0000000000e+00     -2.4628699672e+00    2.46e+12    0.0   
0        15       1        0        0.0000000000e+00     -2.4239182602e+00    2.42e+12    0.0   
0        16       1        0        0.0000000000e+00     -2.3842257306e+00    2.38e+12    0.0   
0        17       1        0        0.0000000000e+00     -2.3438247105e+00    2.34e+12    0.0   
0        18       1        0        0.0000000000e+00     -2.3027505915e+00    2.30e+12    0.0   
0        19       1        0        0.0000000000e+00     -2.2610417521e+00    2.26e+12    0.0   
0        20       1        0        0.0000000000e+00     -2.2187394595e+00    2.22e+12    0.0   
0        21       1        0        0.0000000000e+00     -2.1758877449e+00    2.18e+12    0.0   
0        22       1        0        0.0000000000e+00     -2.1325332528e+00    2.13e+12    0.0   
0        23       1        0        0.0000000000e+00     -2.0887250648e+00    2.09e+12    0.0   
0        24       1        0        0.0000000000e+00     -2.0445144996e+00    2.04e+12    0.0   
0        25       1        0        0.0000000000e+00     -1.9999548893e+00    2.00e+12    0.0   
0        26       1        0        0.0000000000e+00     -1.9551013358e+00    1.96e+12    0.0   
0        27       1        0        0.0000000000e+00     -1.9100104472e+00    1.91e+12    0.0   
0        28       1        0        0.0000000000e+00     -1.8647400592e+00    1.86e+12    0.0   
0        29       1        0        0.0000000000e+00     -1.8323725972e+00    1.83e+12    0.1   
0        30       1        0        0.0000000000e+00     -1.8001597689e+00    1.80e+12    0.1   
0        31       1        0        0.0000000000e+00     -1.7681292499e+00    1.77e+12    0.1   
0        32       1        0        0.0000000000e+00     -1.7363082578e+00    1.74e+12    0.1   
0        33       1        0        0.0000000000e+00     -1.7047234860e+00    1.70e+12    0.1   
0        34       1        0        0.0000000000e+00     -1.6734010429e+00    1.67e+12    0.1   
0        35       1        0        0.0000000000e+00     -1.6423663966e+00    1.64e+12    0.1   
0        36       1        0        0.0000000000e+00     -1.6116443265e+00    1.61e+12    0.1   
0        37       1        0        0.0000000000e+00     -1.5812588802e+00    1.58e+12    0.1   
0        38       1        0        0.0000000000e+00     -1.5512333384e+00    1.55e+12    0.1   
0        39       1        0        0.0000000000e+00     -1.5215901864e+00    1.52e+12    0.1   
0        40       1        0        0.0000000000e+00     -1.4923510928e+00    1.49e+12    0.1   
0        41       1        0        0.0000000000e+00     -1.4635368959e+00    1.46e+12    0.1   
0        42       1        0        0.0000000000e+00     -1.4351675985e+00    1.44e+12    0.1   
0        43       1        0        0.0000000000e+00     -1.4072623688e+00    1.41e+12    0.1   
0        44       1        0        0.0000000000e+00     -1.3798395515e+00    1.38e+12    0.1   
0        45       1        0        0.0000000000e+00     -1.3529166854e+00    1.35e+12    0.1   
0        46       1        0        0.0000000000e+00     -1.3265105298e+00    1.33e+12    0.1   
0        47       1        0        0.0000000000e+00     -1.3006370996e+00    1.30e+12    0.1   
0        48       1        0        0.0000000000e+00     -1.2753117084e+00    1.28e+12    0.1   
0        49       1        0        0.0000000000e+00     -1.2505490209e+00    1.25e+12    0.1   
0        50       1        0        0.0000000000e+00     -1.2263631145e+00    1.23e+12    0.1   
0        51       1        0        0.0000000000e+00     -1.2027675497e+00    1.20e+12    0.1   
0        52       1        0        0.0000000000e+00     -1.1797754515e+00    1.18e+12    0.1   
0        53       1        0        0.0000000000e+00     -1.1573996006e+00    1.16e+12    0.1   
0        54       1        0        0.0000000000e+00     -1.1353874190e+00    1.14e+12    0.1   
0        55       1        0        0.0000000000e+00     -1.1137406851e+00    1.11e+12    0.1   
0        56       1        0        0.0000000000e+00     -1.0924605752e+00    1.09e+12    0.1   
0        57       1        0        0.0000000000e+00     -1.0715476779e+00    1.07e+12    0.1   
0        58       1        0        0.0000000000e+00     -1.0510020077e+00    1.05e+12    0.1   
0        59       1        0        0.0000000000e+00     -1.0308230196e+00    1.03e+12    0.1   
0        60       1        0        0.0000000000e+00     -1.0110096243e+00    1.01e+12    0.1   
0        61       1        0        0.0000000000e+00     -9.9156020213e-01    9.92e+11    0.1   
0        62       1        0        0.0000000000e+00     -9.7247261830e-01    9.72e+11    0.1   
0        63       1        0        0.0000000000e+00     -9.5374423693e-01    9.54e+11    0.1   
0        64       1        0        0.0000000000e+00     -9.3537193526e-01    9.35e+11    0.1   
0        65       1        0        0.0000000000e+00     -9.1735211716e-01    9.17e+11    0.1   
0        66       1        0        0.0000000000e+00     -8.9968072628e-01    9.00e+11    0.1   
0        67       1        0        0.0000000000e+00     -8.8235325849e-01    8.82e+11    0.1   
0        68       1        0        0.0000000000e+00     -8.6536477363e-01    8.65e+11    0.1   
0        69       1        0        0.0000000000e+00     -8.4870990660e-01    8.49e+11    0.1   
0        70       1        0        0.0000000000e+00     -8.3238287759e-01    8.32e+11    0.1   
0        71       1        0        0.0000000000e+00     -8.1637750151e-01    8.16e+11    0.1   
0        72       1        0        0.0000000000e+00     -8.0068719663e-01    8.01e+11    0.1   
0        73       1        0        0.0000000000e+00     -7.8530499238e-01    7.85e+11    0.1   
0        74       1        0        0.0000000000e+00     -7.7022353636e-01    7.70e+11    0.1   
0        75       1        0        0.0000000000e+00     -7.5543510071e-01    7.55e+11    0.1   
0        76       1        0        0.0000000000e+00     -7.4093158768e-01    7.41e+11    0.1   
0        77       1        0        0.0000000000e+00     -7.2670453485e-01    7.27e+11    0.1   
0        78       1        0        0.0000000000e+00     -7.1274511982e-01    7.13e+11    0.1   
0        79       1        0        0.0000000000e+00     -6.9904945301e-01    6.99e+11    0.1   
0        80       1        0        0.0000000000e+00     -6.8561355912e-01    6.86e+11    0.1   
0        81       1        0        0.0000000000e+00     -6.7243338856e-01    6.72e+11    0.1   
0        82       1        0        0.0000000000e+00     -6.5950482853e-01    6.60e+11    0.1   
0        83       1        0        0.0000000000e+00     -6.4682371402e-01    6.47e+11    0.1   
0        84       1        0        0.0000000000e+00     -6.3438583841e-01    6.34e+11    0.1   
0        85       1        0        0.0000000000e+00     -6.2218696396e-01    6.22e+11    0.1   
0        86       1        0        0.0000000000e+00     -6.1022283208e-01    6.10e+11    0.1   
0        87       1        0        0.0000000000e+00     -5.9848917333e-01    5.98e+11    0.1   
0        88       1        0        0.0000000000e+00     -5.8698171731e-01    5.87e+11    0.1   
0        89       1        0        0.0000000000e+00     -5.7569620235e-01    5.76e+11    0.1   
0        90       1        0        0.0000000000e+00     -5.6462838503e-01    5.65e+11    0.1   
0        91       1        0        0.0000000000e+00     -5.5377404957e-01    5.54e+11    0.1   
0        92       1        0        0.0000000000e+00     -5.4312901709e-01    5.43e+11    0.1   
0        93       1        0        0.0000000000e+00     -5.3268915477e-01    5.33e+11    0.1   
0        94       1        0        0.0000000000e+00     -5.2245038487e-01    5.22e+11    0.2   
0        95       1        0        0.0000000000e+00     -5.1240869372e-01    5.12e+11    0.2   
0        96       1        0        0.0000000000e+00     -5.0256014059e-01    5.03e+11    0.2   
0        97       1        0        0.0000000000e+00     -4.9290086653e-01    4.93e+11    0.2   
0        98       1        0        0.0000000000e+00     -4.8342710318e-01    4.83e+11    0.2   
0        99       1        0        0.0000000000e+00     -4.7413518149e-01    4.74e+11    0.2   
0        100      1        0        0.0000000000e+00     -4.6502154049e-01    4.65e+11    0.2   
Cut generation terminated. Time = 0.06
0        102      1        0        0.0000000000e+00     -4.5608273602e-01    4.56e+11    0.2   
0        102      1        0        -1.4645483744e-14    -4.5608273602e-01    4.56e+11    0.2   
0        102      1        0        -1.5245357886e-14    -4.5608273602e-01    4.56e+11    0.2   
0        105      1        0        -1.5394198057e-14    -4.5608273602e-01    4.56e+11    0.2   
4        116      1        0        -1.5394198057e-14    -4.5608273602e-01    4.56e+11    0.2   
6        118      1        0        -1.5773273957e-14    -4.5608273602e-01    4.56e+11    0.2   
17       129      1        0        -2.6314542272e-14    -4.5608273602e-01    4.56e+11    0.2   
28       140      1        0        -2.6314542272e-14    -4.5608273602e-01    4.56e+11    0.2   
39       151      1        0        -2.6314542272e-14    -4.5608273602e-01    4.56e+11    0.2   
50       162      2        4        -2.6314542272e-14    -4.1902883238e-01    4.19e+11    0.2   
61       173      1        10       -2.6314542272e-14    -3.6124169812e-01    3.61e+11    0.2   
72       184      2        15       -2.6314542272e-14    -2.4890494575e-01    2.49e+11    0.2   
An optimal solution satisfying the relative gap tolerance of 1.00e-02(%) has been located.
The relative gap is 0.00e+00(%).
An optimal solution satisfying the absolute gap tolerance of 0.00e+00 has been located.
The absolute gap is 0.00e+00.

Objective of best integer solution : -2.631454227239e-14     
Best objective bound               : -2.631454227239e-14     
Construct solution objective       : Not employed
User objective cut value           : Not employed
Number of cuts generated           : 148
  Number of Gomory cuts            : 148
Number of branches                 : 82
Number of relaxations solved       : 194
Number of interior point iterations: 7
Number of simplex iterations       : 550
Time spend presolving the root     : 0.00
Time spend optimizing the root     : 0.02
Mixed integer optimizer terminated. Time: 0.22

Optimizer terminated. Time: 0.22    


Integer solution solution summary
  Problem status  : PRIMAL_FEASIBLE
  Solution status : INTEGER_OPTIMAL
  Primal.  obj: -2.6314542272e-14   nrm: 6e+00    Viol.  con: 3e-14    var: 0e+00    itg: 8e-14  
