

Problem
  Name                   :                 
  Objective sense        : min             
  Type                   : LO (linear optimization problem)
  Constraints            : 627             
  Cones                  : 0               
  Scalar variables       : 26              
  Matrix variables       : 0               
  Integer variables      : 25              

Optimizer started.
Mixed integer optimizer started.
Threads used: 6
Presolve started.
Presolve terminated. Time = 0.00
Presolved problem: 26 variables, 326 constraints, 975 non-zeros
Presolved problem: 0 general integer, 25 binary, 1 continuous
Clique table size: 0
BRANCHES RELAXS   ACT_NDS  DEPTH    BEST_INT_OBJ         BEST_RELAX_OBJ       REL_GAP(%)  TIME  
0        0        1        0        0.0000000000e+00     NA                   NA          0.0   
0        1        1        0        0.0000000000e+00     -4.9780317395e+00    4.98e+12    0.0   
Cut generation started.
0        1        1        0        0.0000000000e+00     -4.9780317396e+00    4.98e+12    0.0   
0        2        1        0        0.0000000000e+00     -4.3557777721e+00    4.36e+12    0.0   
0        3        1        0        0.0000000000e+00     -3.8113055506e+00    3.81e+12    0.0   
0        4        1        0        0.0000000000e+00     -3.7896504054e+00    3.79e+12    0.0   
0        5        1        0        0.0000000000e+00     -3.7672264385e+00    3.77e+12    0.0   
0        6        1        0        0.0000000000e+00     -3.7440175386e+00    3.74e+12    0.0   
0        7        1        0        0.0000000000e+00     -3.7200082045e+00    3.72e+12    0.0   
0        8        1        0        0.0000000000e+00     -3.6951836392e+00    3.70e+12    0.0   
0        9        1        0        0.0000000000e+00     -3.6695298475e+00    3.67e+12    0.0   
0        10       1        0        0.0000000000e+00     -3.6430337374e+00    3.64e+12    0.0   
0        11       1        0        0.0000000000e+00     -3.6156832259e+00    3.62e+12    0.0   
0        12       1        0        0.0000000000e+00     -3.5874673456e+00    3.59e+12    0.0   
0        13       1        0        0.0000000000e+00     -3.5583763560e+00    3.56e+12    0.0   
0        14       1        0        0.0000000000e+00     -3.5284018547e+00    3.53e+12    0.0   
0        15       1        0        0.0000000000e+00     -3.4975368905e+00    3.50e+12    0.0   
0        16       1        0        0.0000000000e+00     -3.4657760768e+00    3.47e+12    0.0   
0        17       1        0        0.0000000000e+00     -3.4331157036e+00    3.43e+12    0.0   
0        18       1        0        0.0000000000e+00     -3.3995538488e+00    3.40e+12    0.1   
0        19       1        0        0.0000000000e+00     -3.3650904864e+00    3.37e+12    0.1   
0        20       1        0        0.0000000000e+00     -3.3297275913e+00    3.33e+12    0.1   
0        21       1        0        0.0000000000e+00     -3.2934692390e+00    3.29e+12    0.1   
0        22       1        0        0.0000000000e+00     -3.2563217000e+00    3.26e+12    0.1   
0        23       1        0        0.0000000000e+00     -3.2182935258e+00    3.22e+12    0.1   
0        24       1        0        0.0000000000e+00     -3.1793956280e+00    3.18e+12    0.1   
0        25       1        0        0.0000000000e+00     -3.1396413469e+00    3.14e+12    0.1   
0        26       1        0        0.0000000000e+00     -3.0990465090e+00    3.10e+12    0.1   
0        27       1        0        0.0000000000e+00     -3.0576294732e+00    3.06e+12    0.1   
0        28       1        0        0.0000000000e+00     -3.0154111632e+00    3.02e+12    0.1   
0        29       1        0        0.0000000000e+00     -2.9863576567e+00    2.99e+12    0.1   
0        30       1        0        0.0000000000e+00     -2.9571690614e+00    2.96e+12    0.1   
0        31       1        0        0.0000000000e+00     -2.9278678611e+00    2.93e+12    0.1   
0        32       1        0        0.0000000000e+00     -2.8984772352e+00    2.90e+12    0.1   
0        33       1        0        0.0000000000e+00     -2.8690210353e+00    2.87e+12    0.1   
0        34       1        0        0.0000000000e+00     -2.8395237597e+00    2.84e+12    0.1   
0        35       1        0        0.0000000000e+00     -2.8100105303e+00    2.81e+12    0.1   
0        36       1        0        0.0000000000e+00     -2.7805070684e+00    2.78e+12    0.1   
0        37       1        0        0.0000000000e+00     -2.7510396724e+00    2.75e+12    0.1   
0        38       1        0        0.0000000000e+00     -2.7216351977e+00    2.72e+12    0.1   
0        39       1        0        0.0000000000e+00     -2.6923210381e+00    2.69e+12    0.1   
0        40       1        0        0.0000000000e+00     -2.6631251098e+00    2.66e+12    0.1   
0        41       1        0        0.0000000000e+00     -2.6340758405e+00    2.63e+12    0.1   
0        42       1        0        0.0000000000e+00     -2.6052021603e+00    2.61e+12    0.1   
0        43       1        0        0.0000000000e+00     -2.5765335001e+00    2.58e+12    0.1   
0        44       1        0        0.0000000000e+00     -2.5480997937e+00    2.55e+12    0.1   
0        45       1        0        0.0000000000e+00     -2.5199314877e+00    2.52e+12    0.1   
0        46       1        0        0.0000000000e+00     -2.4920595589e+00    2.49e+12    0.1   
0        47       1        0        0.0000000000e+00     -2.4645155399e+00    2.46e+12    0.1   
0        48       1        0        0.0000000000e+00     -2.4373315553e+00    2.44e+12    0.1   
0        49       1        0        0.0000000000e+00     -2.4105403688e+00    2.41e+12    0.1   
0        50       1        0        0.0000000000e+00     -2.3841754428e+00    2.38e+12    0.1   
0        51       1        0        0.0000000000e+00     -2.3582710127e+00    2.36e+12    0.1   
0        52       1        0        0.0000000000e+00     -2.3328621770e+00    2.33e+12    0.1   
0        53       1        0        0.0000000000e+00     -2.3079850069e+00    2.31e+12    0.1   
0        54       1        0        0.0000000000e+00     -2.2832866729e+00    2.28e+12    0.1   
0        55       1        0        0.0000000000e+00     -2.2587756322e+00    2.26e+12    0.1   
0        56       1        0        0.0000000000e+00     -2.2344598761e+00    2.23e+12    0.1   
0        57       1        0        0.0000000000e+00     -2.2103469072e+00    2.21e+12    0.1   
0        58       1        0        0.0000000000e+00     -2.1864437163e+00    2.19e+12    0.1   
0        59       1        0        0.0000000000e+00     -2.1627567584e+00    2.16e+12    0.1   
0        60       1        0        0.0000000000e+00     -2.1392919290e+00    2.14e+12    0.1   
0        61       1        0        0.0000000000e+00     -2.1160545401e+00    2.12e+12    0.1   
0        62       1        0        0.0000000000e+00     -2.0930492949e+00    2.09e+12    0.1   
0        63       1        0        0.0000000000e+00     -2.0702802628e+00    2.07e+12    0.1   
0        64       1        0        0.0000000000e+00     -2.0477508522e+00    2.05e+12    0.1   
0        65       1        0        0.0000000000e+00     -2.0254637839e+00    2.03e+12    0.1   
0        66       1        0        0.0000000000e+00     -2.0034210623e+00    2.00e+12    0.2   
0        67       1        0        0.0000000000e+00     -1.9816239451e+00    1.98e+12    0.2   
0        68       1        0        0.0000000000e+00     -1.9600729125e+00    1.96e+12    0.2   
0        69       1        0        0.0000000000e+00     -1.9387676341e+00    1.94e+12    0.2   
0        70       1        0        0.0000000000e+00     -1.9177069339e+00    1.92e+12    0.2   
0        71       1        0        0.0000000000e+00     -1.8968887539e+00    1.90e+12    0.2   
0        72       1        0        0.0000000000e+00     -1.8763101150e+00    1.88e+12    0.2   
0        73       1        0        0.0000000000e+00     -1.8559670766e+00    1.86e+12    0.2   
0        74       1        0        0.0000000000e+00     -1.8358546926e+00    1.84e+12    0.2   
0        75       1        0        0.0000000000e+00     -1.8159669670e+00    1.82e+12    0.2   
0        76       1        0        0.0000000000e+00     -1.7962968051e+00    1.80e+12    0.2   
0        77       1        0        0.0000000000e+00     -1.7768359642e+00    1.78e+12    0.2   
0        78       1        0        0.0000000000e+00     -1.7575750015e+00    1.76e+12    0.2   
0        79       1        0        0.0000000000e+00     -1.7385139844e+00    1.74e+12    0.2   
0        80       1        0        0.0000000000e+00     -1.7196527470e+00    1.72e+12    0.2   
0        81       1        0        0.0000000000e+00     -1.7009908973e+00    1.70e+12    0.2   
0        82       1        0        0.0000000000e+00     -1.6825278256e+00    1.68e+12    0.2   
0        83       1        0        0.0000000000e+00     -1.6642627136e+00    1.66e+12    0.2   
0        84       1        0        0.0000000000e+00     -1.6461945440e+00    1.65e+12    0.2   
0        85       1        0        0.0000000000e+00     -1.6283221112e+00    1.63e+12    0.2   
0        86       1        0        0.0000000000e+00     -1.6106440331e+00    1.61e+12    0.2   
0        87       1        0        0.0000000000e+00     -1.5931587631e+00    1.59e+12    0.2   
0        88       1        0        0.0000000000e+00     -1.5758646040e+00    1.58e+12    0.2   
0        89       1        0        0.0000000000e+00     -1.5587597218e+00    1.56e+12    0.2   
0        90       1        0        0.0000000000e+00     -1.5418421620e+00    1.54e+12    0.2   
0        91       1        0        0.0000000000e+00     -1.5251098656e+00    1.53e+12    0.2   
0        92       1        0        0.0000000000e+00     -1.5085606877e+00    1.51e+12    0.2   
0        93       1        0        0.0000000000e+00     -1.4921924162e+00    1.49e+12    0.2   
0        94       1        0        0.0000000000e+00     -1.4760027929e+00    1.48e+12    0.2   
0        95       1        0        0.0000000000e+00     -1.4599895357e+00    1.46e+12    0.2   
0        96       1        0        0.0000000000e+00     -1.4441503618e+00    1.44e+12    0.2   
0        97       1        0        0.0000000000e+00     -1.4284830140e+00    1.43e+12    0.2   
0        98       1        0        0.0000000000e+00     -1.4129852871e+00    1.41e+12    0.2   
0        99       1        0        0.0000000000e+00     -1.3976550572e+00    1.40e+12    0.2   
0        100      1        0        0.0000000000e+00     -1.3824903131e+00    1.38e+12    0.2   
Cut generation terminated. Time = 0.08
0        102      1        0        0.0000000000e+00     -1.3674891888e+00    1.37e+12    0.2   
1        113      1        0        0.0000000000e+00     -1.3674891888e+00    1.37e+12    0.2   
12       124      1        0        0.0000000000e+00     -1.3674891888e+00    1.37e+12    0.3   
23       135      1        0        0.0000000000e+00     -1.3674891888e+00    1.37e+12    0.3   
35       147      1        0        0.0000000000e+00     -1.3674891888e+00    1.37e+12    0.3   
46       158      2        0        0.0000000000e+00     -1.3674891888e+00    1.37e+12    0.3   
57       169      1        6        0.0000000000e+00     -1.2867572246e+00    1.29e+12    0.3   
68       180      2        11       0.0000000000e+00     -1.1522969158e+00    1.15e+12    0.3   
79       191      1        17       0.0000000000e+00     -9.5194367454e-01    9.52e+11    0.3   
90       202      0        22       0.0000000000e+00     0.0000000000e+00     0.00e+00    0.3   
An optimal solution satisfying the relative gap tolerance of 1.00e-02(%) has been located.
The relative gap is 0.00e+00(%).
An optimal solution satisfying the absolute gap tolerance of 0.00e+00 has been located.
The absolute gap is 0.00e+00.

Objective of best integer solution : 0.000000000000e+00      
Best objective bound               : 0.000000000000e+00      
Construct solution objective       : Not employed
User objective cut value           : Not employed
Number of cuts generated           : 148
  Number of Gomory cuts            : 148
Number of branches                 : 90
Number of relaxations solved       : 202
Number of interior point iterations: 8
Number of simplex iterations       : 677
Time spend presolving the root     : 0.00
Time spend optimizing the root     : 0.00
Mixed integer optimizer terminated. Time: 0.28

Optimizer terminated. Time: 0.28    


Integer solution solution summary
  Problem status  : PRIMAL_FEASIBLE
  Solution status : INTEGER_OPTIMAL
  Primal.  obj: 0.0000000000e+00    nrm: 6e+00    Viol.  con: 0e+00    var: 0e+00    itg: 0e+00  
