

Problem
  Name                   :                 
  Objective sense        : min             
  Type                   : LO (linear optimization problem)
  Constraints            : 14643           
  Cones                  : 0               
  Scalar variables       : 122             
  Matrix variables       : 0               
  Integer variables      : 121             

Optimizer started.
Mixed integer optimizer started.
Threads used: 6
Presolve started.
Presolve terminated. Time = 0.20
Presolved problem: 122 variables, 7382 constraints, 22143 non-zeros
Presolved problem: 0 general integer, 121 binary, 1 continuous
Clique table size: 0
BRANCHES RELAXS   ACT_NDS  DEPTH    BEST_INT_OBJ         BEST_RELAX_OBJ       REL_GAP(%)  TIME  
0        0        1        0        0.0000000000e+00     NA                   NA          0.3   
0        1        1        0        0.0000000000e+00     -5.4698508031e+00    5.47e+12    0.4   
Cut generation started.
0        1        1        0        0.0000000000e+00     -5.4698508032e+00    5.47e+12    0.7   
0        2        1        0        0.0000000000e+00     -5.2875224431e+00    5.29e+12    0.8   
0        3        1        0        0.0000000000e+00     -5.1112716950e+00    5.11e+12    0.9   
0        4        1        0        0.0000000000e+00     -4.9408959718e+00    4.94e+12    1.1   
0        5        1        0        0.0000000000e+00     -4.7761994395e+00    4.78e+12    1.3   
0        6        1        0        0.0000000000e+00     -4.6169927915e+00    4.62e+12    1.4   
0        7        1        0        0.0000000000e+00     -4.4630930318e+00    4.46e+12    1.5   
0        8        1        0        0.0000000000e+00     -4.3143232640e+00    4.31e+12    1.7   
0        9        1        0        0.0000000000e+00     -4.1705124886e+00    4.17e+12    1.8   
Cut generation terminated. Time = 0.33
0        12       1        0        0.0000000000e+00     -4.1693243084e+00    4.17e+12    2.3   
0        14       1        0        -2.6396137432e-13    -4.1693243084e+00    4.17e+12    2.9   
0        25       1        0        -2.6396137432e-13    -4.1693243084e+00    4.17e+12    3.1   
11       36       1        0        -2.6396137432e-13    -4.1693243084e+00    4.17e+12    3.3   
23       48       1        0        -2.6396137432e-13    -4.1693243084e+00    4.17e+12    3.4   
35       60       1        0        -2.6396137432e-13    -4.1693243084e+00    4.17e+12    3.5   
47       72       1        0        -2.6396137432e-13    -4.1693243084e+00    4.17e+12    3.5   
59       84       1        0        -2.6396137432e-13    -4.1693243084e+00    4.17e+12    3.6   
71       96       1        0        -2.6396137432e-13    -4.1693243084e+00    4.17e+12    3.6   
83       108      1        0        -2.6396137432e-13    -4.1693243084e+00    4.17e+12    3.7   
95       120      1        0        -2.6396137432e-13    -4.1693243084e+00    4.17e+12    3.8   
107      132      1        0        -2.6396137432e-13    -4.1693243084e+00    4.17e+12    3.9   
119      144      1        0        -2.6396137432e-13    -4.1693243084e+00    4.17e+12    4.0   
131      156      1        0        -2.6396137432e-13    -4.1693243084e+00    4.17e+12    4.1   
143      168      1        0        -2.6396137432e-13    -4.1693243084e+00    4.17e+12    4.2   
155      180      1        0        -2.6396137432e-13    -4.1693243084e+00    4.17e+12    4.3   
167      192      1        0        -2.6396137432e-13    -4.1693243084e+00    4.17e+12    4.4   
179      204      1        0        -2.6396137432e-13    -4.1693243084e+00    4.17e+12    4.5   
190      215      1        0        -2.6396137432e-13    -4.1693243084e+00    4.17e+12    4.6   
201      226      1        0        -2.6396137432e-13    -4.1693243084e+00    4.17e+12    4.7   
213      238      1        0        -2.6396137432e-13    -4.1693243084e+00    4.17e+12    4.8   
225      250      1        0        -2.6396137432e-13    -4.1693243084e+00    4.17e+12    4.9   
236      261      2        0        -2.6396137432e-13    -4.1693243084e+00    4.17e+12    5.1   
247      272      1        6        -2.6396137432e-13    -4.1631291757e+00    4.16e+12    5.3   
258      283      2        11       -2.6396137432e-13    -4.1549518335e+00    4.15e+12    5.6   
269      294      1        17       -2.6396137432e-13    -4.1474237211e+00    4.15e+12    5.8   
280      305      2        22       -2.6396137432e-13    -4.1373865873e+00    4.14e+12    6.0   
291      316      1        28       -2.6396137432e-13    -4.1280438697e+00    4.13e+12    6.2   
302      327      2        33       -2.6396137432e-13    -4.1154317497e+00    4.12e+12    6.3   
313      338      1        39       -2.6396137432e-13    -4.1035293234e+00    4.10e+12    6.5   
324      349      2        44       -2.6396137432e-13    -4.0872069093e+00    4.09e+12    6.7   
335      360      1        50       -2.6396137432e-13    -4.0715278071e+00    4.07e+12    6.8   
346      371      2        55       -2.6396137432e-13    -4.0495787016e+00    4.05e+12    7.0   
357      382      1        61       -2.6396137432e-13    -4.0279912810e+00    4.03e+12    7.1   
368      393      2        66       -2.6396137432e-13    -3.9969086415e+00    4.00e+12    7.2   
379      404      1        72       -2.6396137432e-13    -3.9653118853e+00    3.97e+12    7.3   
390      415      2        77       -2.6396137432e-13    -3.9179241739e+00    3.92e+12    7.4   
401      426      1        83       -2.6396137432e-13    -3.8673061164e+00    3.87e+12    7.5   
412      437      2        88       -2.6396137432e-13    -3.7863383594e+00    3.79e+12    7.6   
423      448      1        94       -2.6396137432e-13    -3.6923905314e+00    3.69e+12    7.7   
434      459      2        99       -2.6396137432e-13    -3.5233726550e+00    3.52e+12    7.8   
445      470      1        105      -2.6396137432e-13    -3.2915718224e+00    3.29e+12    7.9   
456      481      2        110      -2.6396137432e-13    -2.7361190774e+00    2.74e+12    8.0   
467      492      1        116      -2.6396137432e-13    -1.4376980374e+00    1.44e+12    8.1   
An optimal solution satisfying the relative gap tolerance of 1.00e-02(%) has been located.
The relative gap is 0.00e+00(%).
An optimal solution satisfying the absolute gap tolerance of 0.00e+00 has been located.
The absolute gap is 0.00e+00.

Objective of best integer solution : -2.639613743182e-13     
Best objective bound               : -2.639613743182e-13     
Construct solution objective       : Not employed
User objective cut value           : Not employed
Number of cuts generated           : 969
  Number of Gomory cuts            : 969
Number of branches                 : 470
Number of relaxations solved       : 495
Number of interior point iterations: 10
Number of simplex iterations       : 1672
Time spend presolving the root     : 0.20
Time spend optimizing the root     : 0.09
Mixed integer optimizer terminated. Time: 8.13

Optimizer terminated. Time: 8.16    


Integer solution solution summary
  Problem status  : PRIMAL_FEASIBLE
  Solution status : INTEGER_OPTIMAL
  Primal.  obj: -2.6396137432e-13   nrm: 6e+00    Viol.  con: 3e-13    var: 0e+00    itg: 2e-25  
