

Problem
  Name                   :                 
  Objective sense        : min             
  Type                   : LO (linear optimization problem)
  Constraints            : 627             
  Cones                  : 0               
  Scalar variables       : 26              
  Matrix variables       : 0               
  Integer variables      : 25              

Optimizer started.
Mixed integer optimizer started.
Threads used: 6
Presolve started.
Presolve terminated. Time = 0.00
Presolved problem: 26 variables, 326 constraints, 975 non-zeros
Presolved problem: 0 general integer, 25 binary, 1 continuous
Clique table size: 0
BRANCHES RELAXS   ACT_NDS  DEPTH    BEST_INT_OBJ         BEST_RELAX_OBJ       REL_GAP(%)  TIME  
0        0        1        0        0.0000000000e+00     NA                   NA          0.0   
0        1        1        0        0.0000000000e+00     -4.7517575689e+00    4.75e+12    0.0   
Cut generation started.
0        1        1        0        0.0000000000e+00     -4.7517575696e+00    4.75e+12    0.0   
0        2        1        0        0.0000000000e+00     -3.9597979746e+00    3.96e+12    0.0   
0        3        1        0        0.0000000000e+00     -3.2998316455e+00    3.30e+12    0.0   
0        4        1        0        0.0000000000e+00     -3.2736425055e+00    3.27e+12    0.0   
0        5        1        0        0.0000000000e+00     -3.2465876088e+00    3.25e+12    0.0   
0        6        1        0        0.0000000000e+00     -3.2186571131e+00    3.22e+12    0.0   
0        7        1        0        0.0000000000e+00     -3.1898426801e+00    3.19e+12    0.0   
0        8        1        0        0.0000000000e+00     -3.1601376047e+00    3.16e+12    0.0   
0        9        1        0        0.0000000000e+00     -3.1295369459e+00    3.13e+12    0.0   
0        10       1        0        0.0000000000e+00     -3.0980376553e+00    3.10e+12    0.0   
0        11       1        0        0.0000000000e+00     -3.0656387035e+00    3.07e+12    0.0   
0        12       1        0        0.0000000000e+00     -3.0323412030e+00    3.03e+12    0.0   
0        13       1        0        0.0000000000e+00     -2.9981485258e+00    3.00e+12    0.0   
0        14       1        0        0.0000000000e+00     -2.9630664144e+00    2.96e+12    0.0   
0        15       1        0        0.0000000000e+00     -2.9271030845e+00    2.93e+12    0.0   
0        16       1        0        0.0000000000e+00     -2.8902693186e+00    2.89e+12    0.0   
0        17       1        0        0.0000000000e+00     -2.8525785481e+00    2.85e+12    0.0   
0        18       1        0        0.0000000000e+00     -2.8140469220e+00    2.81e+12    0.0   
0        19       1        0        0.0000000000e+00     -2.7746933625e+00    2.77e+12    0.0   
0        20       1        0        0.0000000000e+00     -2.7345396041e+00    2.73e+12    0.0   
0        21       1        0        0.0000000000e+00     -2.6936102156e+00    2.69e+12    0.0   
0        22       1        0        0.0000000000e+00     -2.6519326042e+00    2.65e+12    0.0   
0        23       1        0        0.0000000000e+00     -2.6095370001e+00    2.61e+12    0.0   
0        24       1        0        0.0000000000e+00     -2.5664564204e+00    2.57e+12    0.0   
0        25       1        0        0.0000000000e+00     -2.5227266128e+00    2.52e+12    0.0   
0        26       1        0        0.0000000000e+00     -2.4783859771e+00    2.48e+12    0.0   
0        27       1        0        0.0000000000e+00     -2.4334754660e+00    2.43e+12    0.0   
0        28       1        0        0.0000000000e+00     -2.3880384637e+00    2.39e+12    0.0   
0        29       1        0        0.0000000000e+00     -2.3561682740e+00    2.36e+12    0.0   
0        30       1        0        0.0000000000e+00     -2.3242948530e+00    2.32e+12    0.0   
0        31       1        0        0.0000000000e+00     -2.2924449820e+00    2.29e+12    0.0   
0        32       1        0        0.0000000000e+00     -2.2606456365e+00    2.26e+12    0.1   
0        33       1        0        0.0000000000e+00     -2.2289239297e+00    2.23e+12    0.1   
0        34       1        0        0.0000000000e+00     -2.1973070584e+00    2.20e+12    0.1   
0        35       1        0        0.0000000000e+00     -2.1658222511e+00    2.17e+12    0.1   
0        36       1        0        0.0000000000e+00     -2.1344967191e+00    2.13e+12    0.1   
0        37       1        0        0.0000000000e+00     -2.1033576107e+00    2.10e+12    0.1   
0        38       1        0        0.0000000000e+00     -2.0724319697e+00    2.07e+12    0.1   
0        39       1        0        0.0000000000e+00     -2.0417466984e+00    2.04e+12    0.1   
0        40       1        0        0.0000000000e+00     -2.0113285255e+00    2.01e+12    0.1   
0        41       1        0        0.0000000000e+00     -1.9812039799e+00    1.98e+12    0.1   
0        42       1        0        0.0000000000e+00     -1.9513993706e+00    1.95e+12    0.1   
0        43       1        0        0.0000000000e+00     -1.9219407733e+00    1.92e+12    0.1   
0        44       1        0        0.0000000000e+00     -1.8928540246e+00    1.89e+12    0.1   
0        45       1        0        0.0000000000e+00     -1.8641647242e+00    1.86e+12    0.1   
0        46       1        0        0.0000000000e+00     -1.8358982453e+00    1.84e+12    0.1   
0        47       1        0        0.0000000000e+00     -1.8080797555e+00    1.81e+12    0.1   
0        48       1        0        0.0000000000e+00     -1.7807342463e+00    1.78e+12    0.1   
0        49       1        0        0.0000000000e+00     -1.7538865749e+00    1.75e+12    0.1   
0        50       1        0        0.0000000000e+00     -1.7275615174e+00    1.73e+12    0.1   
0        51       1        0        0.0000000000e+00     -1.7017838350e+00    1.70e+12    0.1   
0        52       1        0        0.0000000000e+00     -1.6765783549e+00    1.68e+12    0.1   
0        53       1        0        0.0000000000e+00     -1.6519700661e+00    1.65e+12    0.1   
0        54       1        0        0.0000000000e+00     -1.6276469714e+00    1.63e+12    0.1   
0        55       1        0        0.0000000000e+00     -1.6036148465e+00    1.60e+12    0.1   
0        56       1        0        0.0000000000e+00     -1.5798788749e+00    1.58e+12    0.1   
0        57       1        0        0.0000000000e+00     -1.5564436429e+00    1.56e+12    0.1   
0        58       1        0        0.0000000000e+00     -1.5333131349e+00    1.53e+12    0.1   
0        59       1        0        0.0000000000e+00     -1.5104907291e+00    1.51e+12    0.1   
0        60       1        0        0.0000000000e+00     -1.4879791941e+00    1.49e+12    0.1   
0        61       1        0        0.0000000000e+00     -1.4657806849e+00    1.47e+12    0.1   
0        62       1        0        0.0000000000e+00     -1.4438967399e+00    1.44e+12    0.1   
0        63       1        0        0.0000000000e+00     -1.4223282773e+00    1.42e+12    0.1   
0        64       1        0        0.0000000000e+00     -1.4010755912e+00    1.40e+12    0.1   
0        65       1        0        0.0000000000e+00     -1.3801383483e+00    1.38e+12    0.1   
0        66       1        0        0.0000000000e+00     -1.3595155831e+00    1.36e+12    0.1   
0        67       1        0        0.0000000000e+00     -1.3392056929e+00    1.34e+12    0.1   
0        68       1        0        0.0000000000e+00     -1.3192064329e+00    1.32e+12    0.1   
0        69       1        0        0.0000000000e+00     -1.2995149091e+00    1.30e+12    0.1   
0        70       1        0        0.0000000000e+00     -1.2801275721e+00    1.28e+12    0.1   
0        71       1        0        0.0000000000e+00     -1.2610402080e+00    1.26e+12    0.1   
0        72       1        0        0.0000000000e+00     -1.2422479301e+00    1.24e+12    0.1   
0        73       1        0        0.0000000000e+00     -1.2237451684e+00    1.22e+12    0.1   
0        74       1        0        0.0000000000e+00     -1.2055256587e+00    1.21e+12    0.1   
0        75       1        0        0.0000000000e+00     -1.1875824304e+00    1.19e+12    0.1   
0        76       1        0        0.0000000000e+00     -1.1699077934e+00    1.17e+12    0.1   
0        77       1        0        0.0000000000e+00     -1.1524933243e+00    1.15e+12    0.1   
0        78       1        0        0.0000000000e+00     -1.1353298518e+00    1.14e+12    0.1   
0        79       1        0        0.0000000000e+00     -1.1184154023e+00    1.12e+12    0.1   
0        80       1        0        0.0000000000e+00     -1.1017478268e+00    1.10e+12    0.1   
0        81       1        0        0.0000000000e+00     -1.0853248117e+00    1.09e+12    0.1   
0        82       1        0        0.0000000000e+00     -1.0691438911e+00    1.07e+12    0.1   
0        83       1        0        0.0000000000e+00     -1.0532024576e+00    1.05e+12    0.1   
0        84       1        0        0.0000000000e+00     -1.0374977745e+00    1.04e+12    0.1   
0        85       1        0        0.0000000000e+00     -1.0220269880e+00    1.02e+12    0.1   
0        86       1        0        0.0000000000e+00     -1.0067871394e+00    1.01e+12    0.1   
0        87       1        0        0.0000000000e+00     -9.9177517769e-01    9.92e+11    0.1   
0        88       1        0        0.0000000000e+00     -9.7698797256e-01    9.77e+11    0.1   
0        89       1        0        0.0000000000e+00     -9.6242232758e-01    9.62e+11    0.1   
0        90       1        0        0.0000000000e+00     -9.4807499370e-01    9.48e+11    0.1   
0        91       1        0        0.0000000000e+00     -9.3394268316e-01    9.34e+11    0.1   
0        92       1        0        0.0000000000e+00     -9.2002208378e-01    9.20e+11    0.2   
0        93       1        0        0.0000000000e+00     -9.0630987363e-01    9.06e+11    0.2   
0        94       1        0        0.0000000000e+00     -8.9280273611e-01    8.93e+11    0.2   
0        95       1        0        0.0000000000e+00     -8.7949737561e-01    8.79e+11    0.2   
0        96       1        0        0.0000000000e+00     -8.6639053350e-01    8.66e+11    0.2   
0        97       1        0        0.0000000000e+00     -8.5347900477e-01    8.53e+11    0.2   
0        98       1        0        0.0000000000e+00     -8.4075965518e-01    8.41e+11    0.2   
0        99       1        0        0.0000000000e+00     -8.2822943899e-01    8.28e+11    0.2   
0        100      1        0        0.0000000000e+00     -8.1588541731e-01    8.16e+11    0.2   
Cut generation terminated. Time = 0.08
0        102      1        0        0.0000000000e+00     -8.0372477709e-01    8.04e+11    0.2   
0        102      1        0        -2.8170434105e-15    -8.0372477709e-01    8.04e+11    0.2   
0        105      1        0        -3.4774523372e-15    -8.0372477709e-01    8.04e+11    0.2   
4        116      1        0        -3.4774523372e-15    -8.0372477709e-01    8.04e+11    0.2   
15       127      1        0        -3.4774523372e-15    -8.0372477709e-01    8.04e+11    0.2   
27       139      1        0        -3.4774523372e-15    -8.0372477709e-01    8.04e+11    0.2   
38       150      1        0        -3.4774523372e-15    -8.0372477709e-01    8.04e+11    0.2   
49       161      1        3        -3.4774523372e-15    -7.7933173239e-01    7.79e+11    0.2   
60       172      2        8        -3.4774523372e-15    -6.9119385778e-01    6.91e+11    0.2   
71       183      1        14       -3.4774523372e-15    -5.8116562063e-01    5.81e+11    0.2   
82       194      2        19       -3.4774523372e-15    -2.8506160049e-01    2.85e+11    0.2   
An optimal solution satisfying the relative gap tolerance of 1.00e-02(%) has been located.
The relative gap is 0.00e+00(%).
An optimal solution satisfying the absolute gap tolerance of 0.00e+00 has been located.
The absolute gap is 0.00e+00.

Objective of best integer solution : -3.477452337172e-15     
Best objective bound               : -3.477452337172e-15     
Construct solution objective       : Not employed
User objective cut value           : Not employed
Number of cuts generated           : 148
  Number of Gomory cuts            : 148
Number of branches                 : 86
Number of relaxations solved       : 198
Number of interior point iterations: 8
Number of simplex iterations       : 395
Time spend presolving the root     : 0.00
Time spend optimizing the root     : 0.00
Mixed integer optimizer terminated. Time: 0.22

Optimizer terminated. Time: 0.22    


Integer solution solution summary
  Problem status  : PRIMAL_FEASIBLE
  Solution status : INTEGER_OPTIMAL
  Primal.  obj: -3.4774523372e-15   nrm: 6e+00    Viol.  con: 4e-15    var: 0e+00    itg: 2e-14  
