

Problem
  Name                   :                 
  Objective sense        : min             
  Type                   : LO (linear optimization problem)
  Constraints            : 627             
  Cones                  : 0               
  Scalar variables       : 26              
  Matrix variables       : 0               
  Integer variables      : 25              

Optimizer started.
Mixed integer optimizer started.
Threads used: 6
Presolve started.
Presolve terminated. Time = 0.00
Presolved problem: 26 variables, 326 constraints, 975 non-zeros
Presolved problem: 0 general integer, 25 binary, 1 continuous
Clique table size: 0
BRANCHES RELAXS   ACT_NDS  DEPTH    BEST_INT_OBJ         BEST_RELAX_OBJ       REL_GAP(%)  TIME  
0        0        1        0        0.0000000000e+00     NA                   NA          0.0   
0        1        1        0        0.0000000000e+00     -5.2043059094e+00    5.20e+12    0.0   
Cut generation started.
0        1        1        0        0.0000000000e+00     -5.2043059095e+00    5.20e+12    0.0   
0        2        1        0        0.0000000000e+00     -4.7706137504e+00    4.77e+12    0.0   
0        3        1        0        0.0000000000e+00     -4.3730626045e+00    4.37e+12    0.0   
0        4        1        0        0.0000000000e+00     -4.0086407208e+00    4.01e+12    0.0   
0        5        1        0        0.0000000000e+00     -3.9941166602e+00    3.99e+12    0.0   
0        6        1        0        0.0000000000e+00     -3.9790445219e+00    3.98e+12    0.0   
0        7        1        0        0.0000000000e+00     -3.9634084337e+00    3.96e+12    0.0   
0        8        1        0        0.0000000000e+00     -3.9471924698e+00    3.95e+12    0.0   
0        9        1        0        0.0000000000e+00     -3.9303806892e+00    3.93e+12    0.0   
0        10       1        0        0.0000000000e+00     -3.9129571787e+00    3.91e+12    0.0   
0        11       1        0        0.0000000000e+00     -3.8949060987e+00    3.89e+12    0.0   
0        12       1        0        0.0000000000e+00     -3.8762117326e+00    3.88e+12    0.0   
0        13       1        0        0.0000000000e+00     -3.8568585402e+00    3.86e+12    0.0   
0        14       1        0        0.0000000000e+00     -3.8368312138e+00    3.84e+12    0.0   
0        15       1        0        0.0000000000e+00     -3.8161147397e+00    3.82e+12    0.0   
0        16       1        0        0.0000000000e+00     -3.7946944610e+00    3.79e+12    0.0   
0        17       1        0        0.0000000000e+00     -3.7725561461e+00    3.77e+12    0.0   
0        18       1        0        0.0000000000e+00     -3.7496860595e+00    3.75e+12    0.0   
0        19       1        0        0.0000000000e+00     -3.7260710359e+00    3.73e+12    0.0   
0        20       1        0        0.0000000000e+00     -3.7016985583e+00    3.70e+12    0.0   
0        21       1        0        0.0000000000e+00     -3.6765568380e+00    3.68e+12    0.0   
0        22       1        0        0.0000000000e+00     -3.6506348983e+00    3.65e+12    0.0   
0        23       1        0        0.0000000000e+00     -3.6239226596e+00    3.62e+12    0.0   
0        24       1        0        0.0000000000e+00     -3.5964110270e+00    3.60e+12    0.0   
0        25       1        0        0.0000000000e+00     -3.5680919798e+00    3.57e+12    0.0   
0        26       1        0        0.0000000000e+00     -3.5389586609e+00    3.54e+12    0.0   
0        27       1        0        0.0000000000e+00     -3.5090054682e+00    3.51e+12    0.0   
0        28       1        0        0.0000000000e+00     -3.4782281445e+00    3.48e+12    0.0   
0        29       1        0        0.0000000000e+00     -3.4466238680e+00    3.45e+12    0.0   
0        30       1        0        0.0000000000e+00     -3.4252820545e+00    3.43e+12    0.1   
0        31       1        0        0.0000000000e+00     -3.4037502847e+00    3.40e+12    0.1   
0        32       1        0        0.0000000000e+00     -3.3820427544e+00    3.38e+12    0.1   
0        33       1        0        0.0000000000e+00     -3.3601744879e+00    3.36e+12    0.1   
0        34       1        0        0.0000000000e+00     -3.3381613496e+00    3.34e+12    0.1   
0        35       1        0        0.0000000000e+00     -3.3160200565e+00    3.32e+12    0.1   
0        36       1        0        0.0000000000e+00     -3.2937681905e+00    3.29e+12    0.1   
0        37       1        0        0.0000000000e+00     -3.2714242109e+00    3.27e+12    0.1   
0        38       1        0        0.0000000000e+00     -3.2490074684e+00    3.25e+12    0.1   
0        39       1        0        0.0000000000e+00     -3.2265382190e+00    3.23e+12    0.1   
0        40       1        0        0.0000000000e+00     -3.2040376405e+00    3.20e+12    0.1   
0        41       1        0        0.0000000000e+00     -3.1815278497e+00    3.18e+12    0.1   
0        42       1        0        0.0000000000e+00     -3.1590319227e+00    3.16e+12    0.1   
0        43       1        0        0.0000000000e+00     -3.1365739170e+00    3.14e+12    0.1   
0        44       1        0        0.0000000000e+00     -3.1141788981e+00    3.11e+12    0.1   
0        45       1        0        0.0000000000e+00     -3.0918729690e+00    3.09e+12    0.1   
0        46       1        0        0.0000000000e+00     -3.0696833054e+00    3.07e+12    0.1   
0        47       1        0        0.0000000000e+00     -3.0476381953e+00    3.05e+12    0.1   
0        48       1        0        0.0000000000e+00     -3.0257670863e+00    3.03e+12    0.1   
0        49       1        0        0.0000000000e+00     -3.0041006399e+00    3.00e+12    0.1   
0        50       1        0        0.0000000000e+00     -2.9826707946e+00    2.98e+12    0.1   
0        51       1        0        0.0000000000e+00     -2.9615108394e+00    2.96e+12    0.1   
0        52       1        0        0.0000000000e+00     -2.9406554989e+00    2.94e+12    0.1   
0        53       1        0        0.0000000000e+00     -2.9201410317e+00    2.92e+12    0.1   
0        54       1        0        0.0000000000e+00     -2.9000053450e+00    2.90e+12    0.1   
0        55       1        0        0.0000000000e+00     -2.8799305491e+00    2.88e+12    0.1   
0        56       1        0        0.0000000000e+00     -2.8599247414e+00    2.86e+12    0.1   
0        57       1        0        0.0000000000e+00     -2.8399957831e+00    2.84e+12    0.1   
0        58       1        0        0.0000000000e+00     -2.8201512693e+00    2.82e+12    0.1   
0        59       1        0        0.0000000000e+00     -2.8003984977e+00    2.80e+12    0.1   
0        60       1        0        0.0000000000e+00     -2.7807444361e+00    2.78e+12    0.1   
0        61       1        0        0.0000000000e+00     -2.7611956880e+00    2.76e+12    0.1   
0        62       1        0        0.0000000000e+00     -2.7417584577e+00    2.74e+12    0.1   
0        63       1        0        0.0000000000e+00     -2.7224385122e+00    2.72e+12    0.1   
0        64       1        0        0.0000000000e+00     -2.7032411420e+00    2.70e+12    0.1   
0        65       1        0        0.0000000000e+00     -2.6841711201e+00    2.68e+12    0.1   
0        66       1        0        0.0000000000e+00     -2.6652326577e+00    2.67e+12    0.1   
0        67       1        0        0.0000000000e+00     -2.6464293588e+00    2.65e+12    0.1   
0        68       1        0        0.0000000000e+00     -2.6277641710e+00    2.63e+12    0.1   
0        69       1        0        0.0000000000e+00     -2.6092393341e+00    2.61e+12    0.1   
0        70       1        0        0.0000000000e+00     -2.5908563254e+00    2.59e+12    0.1   
0        71       1        0        0.0000000000e+00     -2.5726158021e+00    2.57e+12    0.1   
0        72       1        0        0.0000000000e+00     -2.5545175396e+00    2.55e+12    0.1   
0        73       1        0        0.0000000000e+00     -2.5365603664e+00    2.54e+12    0.1   
0        74       1        0        0.0000000000e+00     -2.5187420950e+00    2.52e+12    0.1   
0        75       1        0        0.0000000000e+00     -2.5010594490e+00    2.50e+12    0.1   
0        76       1        0        0.0000000000e+00     -2.4835079853e+00    2.48e+12    0.1   
0        77       1        0        0.0000000000e+00     -2.4660820118e+00    2.47e+12    0.1   
0        78       1        0        0.0000000000e+00     -2.4487745017e+00    2.45e+12    0.1   
0        79       1        0        0.0000000000e+00     -2.4315770014e+00    2.43e+12    0.1   
0        80       1        0        0.0000000000e+00     -2.4144909583e+00    2.41e+12    0.1   
0        81       1        0        0.0000000000e+00     -2.3975176042e+00    2.40e+12    0.1   
0        82       1        0        0.0000000000e+00     -2.3806579569e+00    2.38e+12    0.1   
0        83       1        0        0.0000000000e+00     -2.3639128224e+00    2.36e+12    0.1   
0        84       1        0        0.0000000000e+00     -2.3472827976e+00    2.35e+12    0.1   
0        85       1        0        0.0000000000e+00     -2.3307682756e+00    2.33e+12    0.2   
0        86       1        0        0.0000000000e+00     -2.3143694502e+00    2.31e+12    0.2   
0        87       1        0        0.0000000000e+00     -2.2980863230e+00    2.30e+12    0.2   
0        88       1        0        0.0000000000e+00     -2.2819187119e+00    2.28e+12    0.2   
0        89       1        0        0.0000000000e+00     -2.2658662597e+00    2.27e+12    0.2   
0        90       1        0        0.0000000000e+00     -2.2499284464e+00    2.25e+12    0.2   
0        91       1        0        0.0000000000e+00     -2.2341046010e+00    2.23e+12    0.2   
0        92       1        0        0.0000000000e+00     -2.2183939170e+00    2.22e+12    0.2   
0        93       1        0        0.0000000000e+00     -2.2027954690e+00    2.20e+12    0.2   
0        94       1        0        0.0000000000e+00     -2.1873082314e+00    2.19e+12    0.2   
0        95       1        0        0.0000000000e+00     -2.1719310997e+00    2.17e+12    0.2   
0        96       1        0        0.0000000000e+00     -2.1566629145e+00    2.16e+12    0.2   
0        97       1        0        0.0000000000e+00     -2.1415024879e+00    2.14e+12    0.2   
0        98       1        0        0.0000000000e+00     -2.1264486325e+00    2.13e+12    0.2   
0        99       1        0        0.0000000000e+00     -2.1115001944e+00    2.11e+12    0.2   
0        100      1        0        0.0000000000e+00     -2.0966560890e+00    2.10e+12    0.2   
Cut generation terminated. Time = 0.05
0        102      1        0        0.0000000000e+00     -2.0819153399e+00    2.08e+12    0.2   
0        105      1        0        -7.2351999509e-15    -2.0819153399e+00    2.08e+12    0.2   
4        116      1        0        -7.2351999509e-15    -2.0819153399e+00    2.08e+12    0.2   
15       127      1        0        -7.2351999509e-15    -2.0819153399e+00    2.08e+12    0.2   
27       139      1        0        -7.2351999509e-15    -2.0819153399e+00    2.08e+12    0.2   
39       151      1        0        -7.2351999509e-15    -2.0819153399e+00    2.08e+12    0.2   
50       162      2        1        -7.2351999509e-15    -2.0672771227e+00    2.07e+12    0.2   
61       173      1        7        -7.2351999509e-15    -1.9834143262e+00    1.98e+12    0.2   
72       184      2        12       -7.2351999509e-15    -1.8371521532e+00    1.84e+12    0.2   
83       195      1        18       -7.2351999509e-15    -1.6002623008e+00    1.60e+12    0.2   
94       206      0        23       -7.2351999509e-15    -7.2351999509e-15    0.00e+00    0.2   
An optimal solution satisfying the relative gap tolerance of 1.00e-02(%) has been located.
The relative gap is 0.00e+00(%).
An optimal solution satisfying the absolute gap tolerance of 0.00e+00 has been located.
The absolute gap is 0.00e+00.

Objective of best integer solution : -7.235199950870e-15     
Best objective bound               : -7.235199950870e-15     
Construct solution objective       : Not employed
User objective cut value           : Not employed
Number of cuts generated           : 172
  Number of Gomory cuts            : 172
Number of branches                 : 94
Number of relaxations solved       : 206
Number of interior point iterations: 8
Number of simplex iterations       : 343
Time spend presolving the root     : 0.00
Time spend optimizing the root     : 0.00
Mixed integer optimizer terminated. Time: 0.23

Optimizer terminated. Time: 0.23    


Integer solution solution summary
  Problem status  : PRIMAL_FEASIBLE
  Solution status : INTEGER_OPTIMAL
  Primal.  obj: -7.2351999509e-15   nrm: 6e+00    Viol.  con: 7e-15    var: 0e+00    itg: 3e-30  
