

Problem
  Name                   :                 
  Objective sense        : min             
  Type                   : LO (linear optimization problem)
  Constraints            : 627             
  Cones                  : 0               
  Scalar variables       : 26              
  Matrix variables       : 0               
  Integer variables      : 25              

Optimizer started.
Mixed integer optimizer started.
Threads used: 6
Presolve started.
Presolve terminated. Time = 0.00
Presolved problem: 26 variables, 326 constraints, 975 non-zeros
Presolved problem: 0 general integer, 25 binary, 1 continuous
Clique table size: 0
BRANCHES RELAXS   ACT_NDS  DEPTH    BEST_INT_OBJ         BEST_RELAX_OBJ       REL_GAP(%)  TIME  
0        0        1        0        0.0000000000e+00     NA                   NA          0.0   
0        1        1        0        0.0000000000e+00     -4.2992092296e+00    4.30e+12    0.0   
Cut generation started.
0        1        1        0        0.0000000000e+00     -4.2992092296e+00    4.30e+12    0.0   
0        2        1        0        0.0000000000e+00     -3.2244069222e+00    3.22e+12    0.0   
0        3        1        0        0.0000000000e+00     -2.4183051917e+00    2.42e+12    0.0   
0        4        1        0        0.0000000000e+00     -2.3864853865e+00    2.39e+12    0.0   
0        5        1        0        0.0000000000e+00     -2.3537938059e+00    2.35e+12    0.0   
0        6        1        0        0.0000000000e+00     -2.3202438566e+00    2.32e+12    0.0   
0        7        1        0        0.0000000000e+00     -2.2858522314e+00    2.29e+12    0.0   
0        8        1        0        0.0000000000e+00     -2.2506389902e+00    2.25e+12    0.0   
0        9        1        0        0.0000000000e+00     -2.2146276190e+00    2.21e+12    0.0   
0        10       1        0        0.0000000000e+00     -2.1778450638e+00    2.18e+12    0.0   
0        11       1        0        0.0000000000e+00     -2.1403217365e+00    2.14e+12    0.0   
0        12       1        0        0.0000000000e+00     -2.1020914924e+00    2.10e+12    0.0   
0        13       1        0        0.0000000000e+00     -2.0631915765e+00    2.06e+12    0.0   
0        14       1        0        0.0000000000e+00     -2.0236625394e+00    2.02e+12    0.0   
0        15       1        0        0.0000000000e+00     -1.9835481196e+00    1.98e+12    0.0   
0        16       1        0        0.0000000000e+00     -1.9428950942e+00    1.94e+12    0.0   
0        17       1        0        0.0000000000e+00     -1.9017530981e+00    1.90e+12    0.0   
0        18       1        0        0.0000000000e+00     -1.8601744113e+00    1.86e+12    0.0   
0        19       1        0        0.0000000000e+00     -1.8182137174e+00    1.82e+12    0.0   
0        20       1        0        0.0000000000e+00     -1.7759278342e+00    1.78e+12    0.0   
0        21       1        0        0.0000000000e+00     -1.7333754199e+00    1.73e+12    0.0   
0        22       1        0        0.0000000000e+00     -1.6906166571e+00    1.69e+12    0.0   
0        23       1        0        0.0000000000e+00     -1.6477129183e+00    1.65e+12    0.0   
0        24       1        0        0.0000000000e+00     -1.6047264175e+00    1.60e+12    0.0   
0        25       1        0        0.0000000000e+00     -1.5617198507e+00    1.56e+12    0.0   
0        26       1        0        0.0000000000e+00     -1.5187560312e+00    1.52e+12    0.0   
0        27       1        0        0.0000000000e+00     -1.4758975228e+00    1.48e+12    0.1   
0        28       1        0        0.0000000000e+00     -1.4332062765e+00    1.43e+12    0.1   
0        29       1        0        0.0000000000e+00     -1.4020916077e+00    1.40e+12    0.1   
0        30       1        0        0.0000000000e+00     -1.3712888849e+00    1.37e+12    0.1   
0        31       1        0        0.0000000000e+00     -1.3408231974e+00    1.34e+12    0.1   
0        32       1        0        0.0000000000e+00     -1.3107185232e+00    1.31e+12    0.1   
0        33       1        0        0.0000000000e+00     -1.2809976813e+00    1.28e+12    0.1   
0        34       1        0        0.0000000000e+00     -1.2516822924e+00    1.25e+12    0.1   
0        35       1        0        0.0000000000e+00     -1.2227927482e+00    1.22e+12    0.1   
0        36       1        0        0.0000000000e+00     -1.1943481907e+00    1.19e+12    0.1   
0        37       1        0        0.0000000000e+00     -1.1663664988e+00    1.17e+12    0.1   
0        38       1        0        0.0000000000e+00     -1.1388642848e+00    1.14e+12    0.1   
0        39       1        0        0.0000000000e+00     -1.1118568986e+00    1.11e+12    0.1   
0        40       1        0        0.0000000000e+00     -1.0853584399e+00    1.09e+12    0.1   
0        41       1        0        0.0000000000e+00     -1.0593817784e+00    1.06e+12    0.1   
0        42       1        0        0.0000000000e+00     -1.0339385817e+00    1.03e+12    0.1   
0        43       1        0        0.0000000000e+00     -1.0090393495e+00    1.01e+12    0.1   
0        44       1        0        0.0000000000e+00     -9.8469345510e-01    9.85e+11    0.1   
0        45       1        0        0.0000000000e+00     -9.6090919321e-01    9.61e+11    0.1   
0        46       1        0        0.0000000000e+00     -9.3769383326e-01    9.38e+11    0.1   
0        47       1        0        0.0000000000e+00     -9.1505367883e-01    9.15e+11    0.1   
0        48       1        0        0.0000000000e+00     -8.9299413211e-01    8.93e+11    0.1   
0        49       1        0        0.0000000000e+00     -8.7151976370e-01    8.72e+11    0.1   
0        50       1        0        0.0000000000e+00     -8.5063438717e-01    8.51e+11    0.1   
0        51       1        0        0.0000000000e+00     -8.3034113858e-01    8.30e+11    0.1   
0        52       1        0        0.0000000000e+00     -8.1064256073e-01    8.11e+11    0.1   
0        53       1        0        0.0000000000e+00     -7.9154069247e-01    7.92e+11    0.1   
0        54       1        0        0.0000000000e+00     -7.7284399804e-01    7.73e+11    0.1   
0        55       1        0        0.0000000000e+00     -7.5454991384e-01    7.55e+11    0.1   
0        56       1        0        0.0000000000e+00     -7.3665537761e-01    7.37e+11    0.1   
0        57       1        0        0.0000000000e+00     -7.1915685635e-01    7.19e+11    0.1   
0        58       1        0        0.0000000000e+00     -7.0205037377e-01    7.02e+11    0.1   
0        59       1        0        0.0000000000e+00     -6.8533153732e-01    6.85e+11    0.1   
0        60       1        0        0.0000000000e+00     -6.6899556439e-01    6.69e+11    0.1   
0        61       1        0        0.0000000000e+00     -6.5303730795e-01    6.53e+11    0.1   
0        62       1        0        0.0000000000e+00     -6.3745128119e-01    6.37e+11    0.1   
0        63       1        0        0.0000000000e+00     -6.2223168135e-01    6.22e+11    0.1   
0        64       1        0        0.0000000000e+00     -6.0737241255e-01    6.07e+11    0.1   
0        65       1        0        0.0000000000e+00     -5.9286710756e-01    5.93e+11    0.1   
0        66       1        0        0.0000000000e+00     -5.7870914856e-01    5.79e+11    0.1   
0        67       1        0        0.0000000000e+00     -5.6489168682e-01    5.65e+11    0.1   
0        68       1        0        0.0000000000e+00     -5.5140766120e-01    5.51e+11    0.1   
0        69       1        0        0.0000000000e+00     -5.3824981568e-01    5.38e+11    0.1   
0        70       1        0        0.0000000000e+00     -5.2541071567e-01    5.25e+11    0.1   
0        71       1        0        0.0000000000e+00     -5.1288276340e-01    5.13e+11    0.1   
0        72       1        0        0.0000000000e+00     -5.0065821210e-01    5.01e+11    0.1   
0        73       1        0        0.0000000000e+00     -4.8872917937e-01    4.89e+11    0.1   
0        74       1        0        0.0000000000e+00     -4.7708765947e-01    4.77e+11    0.1   
0        75       1        0        0.0000000000e+00     -4.6572553491e-01    4.66e+11    0.1   
0        76       1        0        0.0000000000e+00     -4.5463458709e-01    4.55e+11    0.1   
0        77       1        0        0.0000000000e+00     -4.4380650640e-01    4.44e+11    0.1   
0        78       1        0        0.0000000000e+00     -4.3323290173e-01    4.33e+11    0.1   
0        79       1        0        0.0000000000e+00     -4.2290852211e-01    4.23e+11    0.1   
0        80       1        0        0.0000000000e+00     -4.1282812758e-01    4.13e+11    0.1   
0        81       1        0        0.0000000000e+00     -4.0298649793e-01    4.03e+11    0.1   
0        82       1        0        0.0000000000e+00     -3.9337844082e-01    3.93e+11    0.1   
0        83       1        0        0.0000000000e+00     -3.8399879956e-01    3.84e+11    0.1   
0        84       1        0        0.0000000000e+00     -3.7484246032e-01    3.75e+11    0.1   
0        85       1        0        0.0000000000e+00     -3.6590435896e-01    3.66e+11    0.1   
0        86       1        0        0.0000000000e+00     -3.5717948739e-01    3.57e+11    0.1   
0        87       1        0        0.0000000000e+00     -3.4866289961e-01    3.49e+11    0.1   
0        88       1        0        0.0000000000e+00     -3.4034971728e-01    3.40e+11    0.1   
0        89       1        0        0.0000000000e+00     -3.3223513503e-01    3.32e+11    0.1   
0        90       1        0        0.0000000000e+00     -3.2431442533e-01    3.24e+11    0.1   
0        91       1        0        0.0000000000e+00     -3.1658294318e-01    3.17e+11    0.2   
0        92       1        0        0.0000000000e+00     -3.0903613032e-01    3.09e+11    0.2   
0        93       1        0        0.0000000000e+00     -3.0166951933e-01    3.02e+11    0.2   
0        94       1        0        0.0000000000e+00     -2.9447873739e-01    2.94e+11    0.2   
0        95       1        0        0.0000000000e+00     -2.8745950978e-01    2.87e+11    0.2   
0        96       1        0        0.0000000000e+00     -2.8060766317e-01    2.81e+11    0.2   
0        97       1        0        0.0000000000e+00     -2.7391912871e-01    2.74e+11    0.2   
0        98       1        0        0.0000000000e+00     -2.6738994490e-01    2.67e+11    0.2   
0        99       1        0        0.0000000000e+00     -2.6101626026e-01    2.61e+11    0.2   
0        100      1        0        0.0000000000e+00     -2.5479433581e-01    2.55e+11    0.2   
Cut generation terminated. Time = 0.06
0        102      1        0        0.0000000000e+00     -2.4872054745e-01    2.49e+11    0.2   
1        113      1        0        0.0000000000e+00     -2.4872054745e-01    2.49e+11    0.2   
12       124      1        0        0.0000000000e+00     -2.4872054745e-01    2.49e+11    0.2   
23       135      1        0        0.0000000000e+00     -2.4872054745e-01    2.49e+11    0.2   
35       147      1        0        0.0000000000e+00     -2.4872054745e-01    2.49e+11    0.2   
46       158      2        3        0.0000000000e+00     -2.3033210239e-01    2.30e+11    0.2   
57       169      1        9        0.0000000000e+00     -1.9384256108e-01    1.94e+11    0.2   
68       180      2        14       0.0000000000e+00     -1.2946062612e-01    1.29e+11    0.2   
An optimal solution satisfying the relative gap tolerance of 1.00e-02(%) has been located.
The relative gap is 0.00e+00(%).
An optimal solution satisfying the absolute gap tolerance of 0.00e+00 has been located.
The absolute gap is 0.00e+00.

Objective of best integer solution : 0.000000000000e+00      
Best objective bound               : 0.000000000000e+00      
Construct solution objective       : Not employed
User objective cut value           : Not employed
Number of cuts generated           : 148
  Number of Gomory cuts            : 148
Number of branches                 : 78
Number of relaxations solved       : 190
Number of interior point iterations: 7
Number of simplex iterations       : 552
Time spend presolving the root     : 0.00
Time spend optimizing the root     : 0.00
Mixed integer optimizer terminated. Time: 0.22

Optimizer terminated. Time: 0.23    


Integer solution solution summary
  Problem status  : PRIMAL_FEASIBLE
  Solution status : INTEGER_OPTIMAL
  Primal.  obj: 0.0000000000e+00    nrm: 6e+00    Viol.  con: 0e+00    var: 0e+00    itg: 0e+00  
