

Problem
  Name                   :                 
  Objective sense        : min             
  Type                   : LO (linear optimization problem)
  Constraints            : 14643           
  Cones                  : 0               
  Scalar variables       : 122             
  Matrix variables       : 0               
  Integer variables      : 121             

Optimizer started.
Mixed integer optimizer started.
Threads used: 6
Presolve started.
Presolve terminated. Time = 0.17
Presolved problem: 122 variables, 7382 constraints, 22143 non-zeros
Presolved problem: 0 general integer, 121 binary, 1 continuous
Clique table size: 0
BRANCHES RELAXS   ACT_NDS  DEPTH    BEST_INT_OBJ         BEST_RELAX_OBJ       REL_GAP(%)  TIME  
0        0        1        0        0.0000000000e+00     NA                   NA          0.3   
0        1        1        0        0.0000000000e+00     -5.5166016648e+00    5.52e+12    0.3   
Cut generation started.
0        1        1        0        0.0000000000e+00     -5.5166016648e+00    5.52e+12    0.5   
0        2        1        0        0.0000000000e+00     -5.3786866232e+00    5.38e+12    0.6   
0        3        1        0        0.0000000000e+00     -5.2442194576e+00    5.24e+12    0.7   
0        4        1        0        0.0000000000e+00     -5.1131139712e+00    5.11e+12    0.8   
0        5        1        0        0.0000000000e+00     -4.9852861219e+00    4.99e+12    0.9   
0        6        1        0        0.0000000000e+00     -4.8606539688e+00    4.86e+12    1.0   
0        7        1        0        0.0000000000e+00     -4.7391376196e+00    4.74e+12    1.1   
0        8        1        0        0.0000000000e+00     -4.6206591791e+00    4.62e+12    1.2   
0        9        1        0        0.0000000000e+00     -4.5051426996e+00    4.51e+12    1.3   
Cut generation terminated. Time = 0.24
0        12       1        0        0.0000000000e+00     -4.5041882203e+00    4.50e+12    1.6   
0        14       1        0        -1.0985546886e-13    -4.5041882203e+00    4.50e+12    2.1   
0        25       1        0        -1.0985546886e-13    -4.5041882203e+00    4.50e+12    2.3   
11       36       1        0        -1.0985546886e-13    -4.5041882203e+00    4.50e+12    2.4   
23       48       1        0        -1.0985546886e-13    -4.5041882203e+00    4.50e+12    2.5   
35       60       1        0        -1.0985546886e-13    -4.5041882203e+00    4.50e+12    2.6   
47       72       1        0        -1.0985546886e-13    -4.5041882203e+00    4.50e+12    2.7   
59       84       1        0        -1.0985546886e-13    -4.5041882203e+00    4.50e+12    2.8   
71       96       1        0        -1.0985546886e-13    -4.5041882203e+00    4.50e+12    2.9   
83       108      1        0        -1.0985546886e-13    -4.5041882203e+00    4.50e+12    2.9   
95       120      1        0        -1.0985546886e-13    -4.5041882203e+00    4.50e+12    3.0   
107      132      1        0        -1.0985546886e-13    -4.5041882203e+00    4.50e+12    3.0   
119      144      1        0        -1.0985546886e-13    -4.5041882203e+00    4.50e+12    3.1   
131      156      1        0        -1.0985546886e-13    -4.5041882203e+00    4.50e+12    3.2   
143      168      1        0        -1.0985546886e-13    -4.5041882203e+00    4.50e+12    3.2   
155      180      1        0        -1.0985546886e-13    -4.5041882203e+00    4.50e+12    3.3   
167      192      1        0        -1.0985546886e-13    -4.5041882203e+00    4.50e+12    3.4   
179      204      1        0        -1.0985546886e-13    -4.5041882203e+00    4.50e+12    3.5   
191      216      1        0        -1.0985546886e-13    -4.5041882203e+00    4.50e+12    3.5   
203      228      1        0        -1.0985546886e-13    -4.5041882203e+00    4.50e+12    3.6   
215      240      1        0        -1.0985546886e-13    -4.5041882203e+00    4.50e+12    3.7   
227      252      1        0        -1.0985546886e-13    -4.5041882203e+00    4.50e+12    3.8   
238      263      2        0        -1.0985546886e-13    -4.5041882203e+00    4.50e+12    3.9   
249      274      1        6        -1.0985546886e-13    -4.4992112167e+00    4.50e+12    4.0   
260      285      2        11       -1.0985546886e-13    -4.4926417112e+00    4.49e+12    4.1   
271      296      1        17       -1.0985546886e-13    -4.4865937350e+00    4.49e+12    4.3   
282      307      2        22       -1.0985546886e-13    -4.4785299756e+00    4.48e+12    4.4   
293      318      1        28       -1.0985546886e-13    -4.4710240310e+00    4.47e+12    4.5   
304      329      2        33       -1.0985546886e-13    -4.4608913338e+00    4.46e+12    4.6   
315      340      1        39       -1.0985546886e-13    -4.4513286920e+00    4.45e+12    4.7   
326      351      2        44       -1.0985546886e-13    -4.4382147576e+00    4.44e+12    4.8   
337      362      1        50       -1.0985546886e-13    -4.4256174752e+00    4.43e+12    4.9   
348      373      2        55       -1.0985546886e-13    -4.4079822583e+00    4.41e+12    5.0   
359      384      1        61       -1.0985546886e-13    -4.3906372567e+00    4.39e+12    5.2   
370      395      2        66       -1.0985546886e-13    -4.3656623943e+00    4.37e+12    5.3   
381      406      1        72       -1.0985546886e-13    -4.3402736310e+00    4.34e+12    5.4   
392      417      2        77       -1.0985546886e-13    -4.3021949221e+00    4.30e+12    5.5   
403      428      1        83       -1.0985546886e-13    -4.2615184213e+00    4.26e+12    5.6   
414      439      2        88       -1.0985546886e-13    -4.1964486524e+00    4.20e+12    5.7   
425      450      1        94       -1.0985546886e-13    -4.1209407322e+00    4.12e+12    5.8   
436      461      2        99       -1.0985546886e-13    -3.9850792170e+00    3.99e+12    5.9   
447      472      1        105      -1.0985546886e-13    -3.7987129568e+00    3.80e+12    6.0   
458      483      2        110      -1.0985546886e-13    -3.3519540244e+00    3.35e+12    6.2   
469      494      1        116      -1.0985546886e-13    -2.3000110061e+00    2.30e+12    6.3   
An optimal solution satisfying the relative gap tolerance of 1.00e-02(%) has been located.
The relative gap is 0.00e+00(%).
An optimal solution satisfying the absolute gap tolerance of 0.00e+00 has been located.
The absolute gap is 0.00e+00.

Objective of best integer solution : -1.098554688633e-13     
Best objective bound               : -1.098554688633e-13     
Construct solution objective       : Not employed
User objective cut value           : Not employed
Number of cuts generated           : 969
  Number of Gomory cuts            : 969
Number of branches                 : 474
Number of relaxations solved       : 499
Number of interior point iterations: 10
Number of simplex iterations       : 1737
Time spend presolving the root     : 0.17
Time spend optimizing the root     : 0.05
Mixed integer optimizer terminated. Time: 6.34

Optimizer terminated. Time: 6.38    


Integer solution solution summary
  Problem status  : PRIMAL_FEASIBLE
  Solution status : INTEGER_OPTIMAL
  Primal.  obj: -1.0985546886e-13   nrm: 6e+00    Viol.  con: 1e-13    var: 1e-27    itg: 1e-27  
