

Problem
  Name                   :                 
  Objective sense        : min             
  Type                   : LO (linear optimization problem)
  Constraints            : 301             
  Cones                  : 0               
  Scalar variables       : 26              
  Matrix variables       : 0               
  Integer variables      : 25              

Optimizer started.
Mixed integer optimizer started.
Threads used: 6
Presolve started.
Presolve terminated. Time = 0.00
Presolved problem: 26 variables, 301 constraints, 925 non-zeros
Presolved problem: 0 general integer, 25 binary, 1 continuous
Clique table size: 0
BRANCHES RELAXS   ACT_NDS  DEPTH    BEST_INT_OBJ         BEST_RELAX_OBJ       REL_GAP(%)  TIME  
0        0        1        0        -7.5508205812e-02    NA                   NA          0.0   
0        1        1        0        -7.5508205812e-02    -4.6689305498e+00    6.08e+03    0.0   
0        1        1        0        -3.4600315712e-01    -4.6689305498e+00    1.25e+03    0.0   
Cut generation started.
0        1        1        0        -3.4600315712e-01    -4.6689305498e+00    1.25e+03    0.0   
0        2        1        0        -3.4600315712e-01    -4.5544337757e+00    1.22e+03    0.0   
0        3        1        0        -3.4600315712e-01    -4.3367012850e+00    1.15e+03    0.0   
0        4        1        0        -3.4600315712e-01    -4.2459663528e+00    1.13e+03    0.0   
0        5        1        0        -3.4600315712e-01    -4.1500137101e+00    1.10e+03    0.0   
0        6        1        0        -3.4600315712e-01    -4.0625344980e+00    1.07e+03    0.0   
0        7        1        0        -3.4600315712e-01    -3.9901295491e+00    1.05e+03    0.0   
0        8        1        0        -3.4600315712e-01    -3.9458524681e+00    1.04e+03    0.0   
0        9        1        0        -3.4600315712e-01    -3.9271310397e+00    1.03e+03    0.0   
0        10       1        0        -3.4600315712e-01    -3.8840636448e+00    1.02e+03    0.0   
0        11       1        0        -3.4600315712e-01    -3.8146677796e+00    1.00e+03    0.0   
0        12       1        0        -3.4600315712e-01    -3.7341308502e+00    979.22      0.0   
0        13       1        0        -3.4600315712e-01    -3.6424851542e+00    952.73      0.1   
0        14       1        0        -3.4600315712e-01    -3.5868514807e+00    936.65      0.1   
0        15       1        0        -3.4600315712e-01    -3.5573826418e+00    928.14      0.1   
0        16       1        0        -3.4600315712e-01    -3.5058378659e+00    913.24      0.1   
0        17       1        0        -3.4600315712e-01    -3.4565846229e+00    899.00      0.1   
0        18       1        0        -3.4600315712e-01    -3.3900670246e+00    879.78      0.1   
0        19       1        0        -3.4600315712e-01    -3.3709336570e+00    874.25      0.1   
0        20       1        0        -3.4600315712e-01    -3.3510281544e+00    868.50      0.1   
0        21       1        0        -3.4600315712e-01    -3.3412230894e+00    865.66      0.1   
0        22       1        0        -3.4600315712e-01    -3.3052430900e+00    855.26      0.1   
0        23       1        0        -3.4600315712e-01    -3.2962015883e+00    852.65      0.1   
0        24       1        0        -3.4600315712e-01    -3.2753107837e+00    846.61      0.1   
0        25       1        0        -3.4600315712e-01    -3.2537906187e+00    840.39      0.1   
Cut generation terminated. Time = 0.02
0        27       1        0        -3.4600315712e-01    -3.2525926880e+00    840.05      0.1   
0        27       1        0        -3.7099440813e-01    -3.2525926880e+00    776.72      0.1   
1        38       1        0        -3.7099440813e-01    -3.2525926880e+00    776.72      0.1   
13       50       1        0        -3.7099440813e-01    -3.2525926880e+00    776.72      0.1   
47       84       1        0        -5.7122212259e-01    -3.2525926880e+00    469.41      0.1   
83       120      1        0        -6.5426000000e-01    -3.2525926880e+00    397.14      0.1   
90       127      6        4        -7.0679294551e-01    -3.2525926880e+00    360.19      0.1   
108      142      14       6        -7.0679294551e-01    -3.2397964157e+00    358.38      0.1   
134      167      32       5        -7.0679294551e-01    -3.2120338328e+00    354.45      0.1   
161      191      39       7        -7.0679294551e-01    -3.1952895160e+00    352.08      0.1   
197      224      43       3        -7.0679294551e-01    -3.1952895160e+00    352.08      0.1   
239      264      45       5        -7.0679294551e-01    -3.1952895160e+00    352.08      0.1   
281      304      47       9        -7.0679294551e-01    -3.1952895160e+00    352.08      0.1   
323      344      47       11       -7.0679294551e-01    -3.1729277324e+00    348.92      0.1   
365      382      67       13       -7.0679294551e-01    -3.1532821146e+00    346.14      0.1   
431      447      105      19       -7.0679294551e-01    -3.1532821146e+00    346.14      0.1   
533      549      149      14       -7.7500555377e-01    -3.0792264643e+00    297.32      0.1   
677      688      179      19       -7.7500555377e-01    -2.6611941915e+00    243.38      0.2   
851      855      185      18       -7.7500555377e-01    -2.1711016712e+00    180.14      0.2   
1031     1026     167      17       -7.7500555377e-01    -1.9061332029e+00    145.95      0.2   
1193     1181     145      13       -7.7500555377e-01    -1.9061332029e+00    145.95      0.2   
1337     1325     139      17       -7.7500555377e-01    -1.9061332029e+00    145.95      0.2   
1475     1455     125      17       -7.7500555377e-01    -1.6169664823e+00    108.64      0.2   
1595     1566     109      15       -7.7500555377e-01    -1.6169664823e+00    108.64      0.2   
1703     1670     93       21       -7.7500555377e-01    -1.3282901572e+00    71.39       0.2   
1793     1757     77       23       -7.7500555377e-01    -1.3282901572e+00    71.39       0.2   
1865     1827     77       21       -7.7500555377e-01    -1.2454107763e+00    60.70       0.2   
1865     1829     77       21       -7.7500555377e-01    -1.2454107763e+00    60.70       0.2   
1870     1841     77       21       -7.7500555377e-01    -1.2454107763e+00    60.70       0.2   
1882     1853     77       21       -7.7500555377e-01    -1.2454107763e+00    60.70       0.2   
1897     1868     77       21       -7.7500555377e-01    -1.2454107763e+00    60.70       0.2   
1911     1882     77       21       -7.7500555377e-01    -1.2454107763e+00    60.70       0.2   
1987     1957     59       22       -7.9072691789e-01    -1.2454107763e+00    57.50       0.2   
2041     2009     49       16       -7.9072691789e-01    -1.2454107763e+00    57.50       0.2   
2089     2057     51       20       -7.9072691789e-01    -1.2454107763e+00    57.50       0.2   
2137     2102     41       19       -7.9072691789e-01    -1.1709921383e+00    48.09       0.2   
2173     2136     33       16       -7.9072691789e-01    -1.1709921383e+00    48.09       0.2   
2203     2165     33       18       -7.9072691789e-01    -1.1709921383e+00    48.09       0.2   
2233     2194     31       21       -7.9072691789e-01    -1.1709921383e+00    48.09       0.2   
2263     2223     25       21       -7.9072691789e-01    -1.1201970844e+00    41.67       0.2   
2287     2245     23       23       -7.9072691789e-01    -1.1201970844e+00    41.67       0.2   
2305     2261     19       18       -7.9072691789e-01    -1.1201970844e+00    41.67       0.2   
2307     2272     19       18       -7.9072691789e-01    -1.1201970844e+00    41.67       0.3   
2320     2285     19       18       -7.9072691789e-01    -1.1201970844e+00    41.67       0.3   
2335     2300     19       18       -7.9072691789e-01    -1.1201970844e+00    41.67       0.3   
2363     2328     19       18       -7.9072691789e-01    -1.1201970844e+00    41.67       0.3   
2381     2345     17       19       -7.9072691789e-01    -1.1201970844e+00    41.67       0.3   
2405     2367     17       14       -7.9072691789e-01    -1.1201970844e+00    41.67       0.3   
2417     2378     17       15       -7.9072691789e-01    -1.1201970844e+00    41.67       0.3   
2429     2390     15       21       -7.9072691789e-01    -1.1201970844e+00    41.67       0.3   
2441     2402     15       17       -7.9072691789e-01    -1.1201970844e+00    41.67       0.3   
2453     2414     15       19       -7.9072691789e-01    -1.1201970844e+00    41.67       0.3   
2465     2426     13       21       -7.9072691789e-01    -1.1201970844e+00    41.67       0.3   
2477     2438     11       22       -7.9072691789e-01    -1.1150781750e+00    41.02       0.3   
2483     2449     9        22       -7.9072691789e-01    -1.1150781750e+00    41.02       0.3   
2490     2460     9        22       -7.9072691789e-01    -1.1150781750e+00    41.02       0.3   
2503     2473     9        22       -7.9072691789e-01    -1.1150781750e+00    41.02       0.3   
2514     2484     9        22       -7.9072691789e-01    -1.1150781750e+00    41.02       0.3   
2526     2496     5        21       -7.9072691789e-01    -1.1150781750e+00    41.02       0.3   
2538     2508     3        14       -7.9072691789e-01    -7.9288567695e-01    0.27        0.3   
2549     2519     2        22       -7.9072691789e-01    -7.9288567695e-01    0.27        0.3   
An optimal solution satisfying the relative gap tolerance of 1.00e-02(%) has been located.
The relative gap is 0.00e+00(%).
An optimal solution satisfying the absolute gap tolerance of 0.00e+00 has been located.
The absolute gap is 0.00e+00.

Objective of best integer solution : -7.907269178860e-01     
Best objective bound               : -7.907269178860e-01     
Construct solution objective       : Not employed
User objective cut value           : Not employed
Number of cuts generated           : 183
  Number of Gomory cuts            : 62
  Number of CMIR cuts              : 121
Number of branches                 : 2559
Number of relaxations solved       : 2529
Number of interior point iterations: 9
Number of simplex iterations       : 6992
Time spend presolving the root     : 0.00
Time spend optimizing the root     : 0.02
Mixed integer optimizer terminated. Time: 0.28

Optimizer terminated. Time: 0.28    


Integer solution solution summary
  Problem status  : PRIMAL_FEASIBLE
  Solution status : INTEGER_OPTIMAL
  Primal.  obj: -7.9072691789e-01   nrm: 6e+00    Viol.  con: 0e+00    var: 0e+00    itg: 0e+00  
