

Problem
  Name                   :                 
  Objective sense        : min             
  Type                   : LO (linear optimization problem)
  Constraints            : 301             
  Cones                  : 0               
  Scalar variables       : 26              
  Matrix variables       : 0               
  Integer variables      : 25              

Optimizer started.
Mixed integer optimizer started.
Threads used: 6
Presolve started.
Presolve terminated. Time = 0.00
Presolved problem: 26 variables, 301 constraints, 925 non-zeros
Presolved problem: 0 general integer, 25 binary, 1 continuous
Clique table size: 0
BRANCHES RELAXS   ACT_NDS  DEPTH    BEST_INT_OBJ         BEST_RELAX_OBJ       REL_GAP(%)  TIME  
0        0        1        0        -7.5508205812e-02    NA                   NA          0.0   
0        1        1        0        -7.5508205812e-02    -4.8917077769e+00    6.38e+03    0.0   
0        1        1        0        -6.9290163944e-01    -4.8917077769e+00    605.97      0.0   
Cut generation started.
0        1        1        0        -6.9290163944e-01    -4.8917077769e+00    605.97      0.0   
0        2        1        0        -6.9290163944e-01    -4.8005302735e+00    592.82      0.0   
0        3        1        0        -6.9290163944e-01    -4.6174373255e+00    566.39      0.0   
0        4        1        0        -6.9290163944e-01    -4.4732897003e+00    545.59      0.0   
0        5        1        0        -6.9290163944e-01    -4.2310186051e+00    510.62      0.0   
0        6        1        0        -6.9290163944e-01    -4.0863623739e+00    489.75      0.0   
0        7        1        0        -6.9290163944e-01    -3.9127518793e+00    464.69      0.0   
0        8        1        0        -6.9290163944e-01    -3.8418146425e+00    454.45      0.0   
0        9        1        0        -6.9290163944e-01    -3.6920391276e+00    432.84      0.0   
0        10       1        0        -6.9290163944e-01    -3.6175649257e+00    422.09      0.0   
0        11       1        0        -6.9290163944e-01    -3.5628568457e+00    414.19      0.0   
0        12       1        0        -6.9290163944e-01    -3.5434586596e+00    411.39      0.0   
0        13       1        0        -6.9290163944e-01    -3.5223015325e+00    408.34      0.0   
0        14       1        0        -6.9290163944e-01    -3.4889906692e+00    403.53      0.0   
0        15       1        0        -6.9290163944e-01    -3.4660210466e+00    400.22      0.0   
0        16       1        0        -6.9290163944e-01    -3.4345274818e+00    395.67      0.0   
0        17       1        0        -6.9290163944e-01    -3.4209640908e+00    393.72      0.0   
0        18       1        0        -6.9290163944e-01    -3.3857247300e+00    388.63      0.0   
0        19       1        0        -6.9290163944e-01    -3.3630874035e+00    385.36      0.0   
0        20       1        0        -6.9290163944e-01    -3.3416074597e+00    382.26      0.0   
0        21       1        0        -6.9290163944e-01    -3.3224568331e+00    379.50      0.0   
0        22       1        0        -6.9290163944e-01    -3.3015672448e+00    376.48      0.0   
0        23       1        0        -6.9290163944e-01    -3.2877014273e+00    374.48      0.0   
0        24       1        0        -6.9290163944e-01    -3.2742420060e+00    372.54      0.0   
0        25       1        0        -6.9290163944e-01    -3.2624044821e+00    370.83      0.0   
0        26       1        0        -6.9290163944e-01    -3.2486796690e+00    368.85      0.0   
0        27       1        0        -6.9290163944e-01    -3.2404098863e+00    367.66      0.0   
0        28       1        0        -6.9290163944e-01    -3.2315091649e+00    366.37      0.0   
0        29       1        0        -6.9290163944e-01    -3.2240331966e+00    365.29      0.0   
0        30       1        0        -6.9290163944e-01    -3.2148792373e+00    363.97      0.0   
0        31       1        0        -6.9290163944e-01    -3.2005784685e+00    361.91      0.0   
Cut generation terminated. Time = 0.02
0        33       1        0        -6.9290163944e-01    -3.1994237347e+00    361.74      0.0   
1        44       1        0        -6.9290163944e-01    -3.1994237347e+00    361.74      0.1   
12       55       1        0        -6.9290163944e-01    -3.1994237347e+00    361.74      0.1   
25       68       1        0        -6.9290163944e-01    -3.1994237347e+00    361.74      0.1   
43       86       1        0        -6.9290163944e-01    -3.1994237347e+00    361.74      0.1   
73       116      1        0        -8.1200408301e-01    -3.1994237347e+00    294.02      0.1   
89       130      11       3        -8.1200408301e-01    -3.1904308164e+00    292.91      0.1   
103      144      21       5        -8.1200408301e-01    -3.1831813423e+00    292.02      0.1   
121      162      31       7        -8.1200408301e-01    -3.1679187614e+00    290.14      0.1   
151      192      45       9        -8.1200408301e-01    -3.1679187614e+00    290.14      0.1   
193      234      43       13       -8.1200408301e-01    -3.1679187614e+00    290.14      0.1   
235      276      49       17       -8.1200408301e-01    -3.1679187614e+00    290.14      0.1   
283      324      49       21       -8.1200408301e-01    -3.1679187614e+00    290.14      0.1   
331      372      47       10       -8.5265499341e-01    -3.1679187614e+00    271.54      0.1   
373      414      65       12       -8.5265499341e-01    -3.1463812043e+00    269.01      0.1   
433      474      97       16       -8.5265499341e-01    -3.1433247058e+00    268.65      0.1   
529      568      151      16       -8.5265499341e-01    -3.1243023661e+00    266.42      0.1   
679      716      183      19       -8.5265499341e-01    -2.6256846941e+00    207.94      0.1   
859      895      219      19       -8.5265499341e-01    -2.2848722997e+00    167.97      0.1   
1075     1109     217      21       -8.5265499341e-01    -2.2135029586e+00    159.60      0.1   
1291     1322     209      21       -9.4887670624e-01    -1.9592303369e+00    106.48      0.2   
1495     1523     187      23       -9.7147285983e-01    -1.7766437035e+00    82.88       0.2   
1681     1703     157      23       -9.7147285983e-01    -1.7063449809e+00    75.65       0.2   
1837     1847     133      10       -9.7147285983e-01    -1.4950021754e+00    53.89       0.2   
1969     1970     105      21       -9.7147285983e-01    -1.4454004777e+00    48.78       0.2   
2071     2068     89       11       -9.7147285983e-01    -1.4454004777e+00    48.78       0.2   
2155     2143     77       14       -9.7147285983e-01    -1.4454004777e+00    48.78       0.2   
2157     2154     77       14       -9.7147285983e-01    -1.4454004777e+00    48.78       0.2   
2170     2167     77       14       -9.7147285983e-01    -1.4454004777e+00    48.78       0.2   
2185     2182     77       14       -9.7147285983e-01    -1.4454004777e+00    48.78       0.2   
2197     2194     77       14       -9.7147285983e-01    -1.4454004777e+00    48.78       0.2   
2278     2273     69       20       -9.7147285983e-01    -1.4454004777e+00    48.78       0.2   
2344     2337     59       24       -9.7147285983e-01    -1.3282901572e+00    36.73       0.2   
2398     2385     45       24       -9.7147285983e-01    -1.3282901572e+00    36.73       0.2   
2440     2424     35       24       -9.7147285983e-01    -1.3282901572e+00    36.73       0.2   
2470     2454     31       24       -9.7147285983e-01    -1.3282901572e+00    36.73       0.2   
2500     2481     21       13       -9.7147285983e-01    -1.1173422878e+00    15.02       0.2   
2517     2496     22       14       -9.7147285983e-01    -1.1173422878e+00    15.02       0.2   
2535     2514     16       15       -9.7147285983e-01    -1.1173422878e+00    15.02       0.2   
2547     2525     14       16       -9.7147285983e-01    -1.1173422878e+00    15.02       0.2   
2559     2537     12       12       -9.7147285983e-01    -1.1173422878e+00    15.02       0.2   
2561     2548     12       12       -9.7147285983e-01    -1.1173422878e+00    15.02       0.2   
2574     2561     12       12       -9.7147285983e-01    -1.1173422878e+00    15.02       0.2   
2589     2576     12       12       -9.7147285983e-01    -1.1173422878e+00    15.02       0.2   
2610     2597     12       12       -9.7147285983e-01    -1.1173422878e+00    15.02       0.2   
2621     2608     11       16       -9.7147285983e-01    -1.1173422878e+00    15.02       0.2   
2635     2621     9        22       -9.7147285983e-01    -1.1173422878e+00    15.02       0.2   
2646     2632     8        18       -9.7147285983e-01    -1.1173422878e+00    15.02       0.3   
2658     2644     6        17       -9.7147285983e-01    -1.1173422878e+00    15.02       0.3   
2660     2655     6        17       -9.7147285983e-01    -1.1173422878e+00    15.02       0.3   
2674     2669     6        17       -9.7147285983e-01    -1.1173422878e+00    15.02       0.3   
2688     2683     6        17       -9.7147285983e-01    -1.1173422878e+00    15.02       0.3   
2699     2694     6        17       -9.7147285983e-01    -1.1173422878e+00    15.02       0.3   
2712     2707     7        20       -9.7147285983e-01    -1.1173422878e+00    15.02       0.3   
2725     2720     8        22       -9.7147285983e-01    -1.1173422878e+00    15.02       0.3   
2736     2731     5        21       -9.7147285983e-01    -1.1173422878e+00    15.02       0.3   
2748     2743     3        23       -9.7147285983e-01    -1.1173422878e+00    15.02       0.3   
2759     2754     0        23       -9.7147285983e-01    -9.7147285983e-01    0.00e+00    0.3   
An optimal solution satisfying the relative gap tolerance of 1.00e-02(%) has been located.
The relative gap is 0.00e+00(%).
An optimal solution satisfying the absolute gap tolerance of 0.00e+00 has been located.
The absolute gap is 0.00e+00.

Objective of best integer solution : -9.714728598277e-01     
Best objective bound               : -9.714728598277e-01     
Construct solution objective       : Not employed
User objective cut value           : Not employed
Number of cuts generated           : 158
  Number of Gomory cuts            : 66
  Number of CMIR cuts              : 92
Number of branches                 : 2759
Number of relaxations solved       : 2754
Number of interior point iterations: 9
Number of simplex iterations       : 6910
Time spend presolving the root     : 0.00
Time spend optimizing the root     : 0.00
Mixed integer optimizer terminated. Time: 0.27

Optimizer terminated. Time: 0.27    


Integer solution solution summary
  Problem status  : PRIMAL_FEASIBLE
  Solution status : INTEGER_OPTIMAL
  Primal.  obj: -9.7147285983e-01   nrm: 7e+00    Viol.  con: 0e+00    var: 0e+00    itg: 0e+00  
