

Problem
  Name                   :                 
  Objective sense        : min             
  Type                   : LO (linear optimization problem)
  Constraints            : 301             
  Cones                  : 0               
  Scalar variables       : 26              
  Matrix variables       : 0               
  Integer variables      : 25              

Optimizer started.
Mixed integer optimizer started.
Threads used: 6
Presolve started.
Presolve terminated. Time = 0.02
Presolved problem: 26 variables, 301 constraints, 925 non-zeros
Presolved problem: 0 general integer, 25 binary, 1 continuous
Clique table size: 0
BRANCHES RELAXS   ACT_NDS  DEPTH    BEST_INT_OBJ         BEST_RELAX_OBJ       REL_GAP(%)  TIME  
0        0        1        0        -7.5508205812e-02    NA                   NA          0.0   
0        1        1        0        -7.5508205812e-02    -5.1144850039e+00    6.67e+03    0.0   
0        1        1        0        -6.9290163944e-01    -5.1144850039e+00    638.13      0.0   
0        1        1        0        -9.6560102080e-01    -5.1144850039e+00    429.67      0.0   
Cut generation started.
0        1        1        0        -9.6560102080e-01    -5.1144850039e+00    429.67      0.0   
0        2        1        0        -9.6560102080e-01    -5.0453381937e+00    422.51      0.0   
0        3        1        0        -9.6560102080e-01    -4.9083415892e+00    408.32      0.0   
0        4        1        0        -9.6560102080e-01    -4.8247320230e+00    399.66      0.0   
0        5        1        0        -9.6560102080e-01    -4.7403942601e+00    390.93      0.0   
0        6        1        0        -9.6560102080e-01    -4.6827069156e+00    384.95      0.0   
0        7        1        0        -9.6560102080e-01    -4.6036003105e+00    376.76      0.0   
0        8        1        0        -9.6560102080e-01    -4.4070501278e+00    356.40      0.0   
0        9        1        0        -9.6560102080e-01    -4.2721181310e+00    342.43      0.0   
0        10       1        0        -9.6560102080e-01    -4.1025822283e+00    324.87      0.0   
0        11       1        0        -9.6560102080e-01    -3.9607482808e+00    310.18      0.0   
0        12       1        0        -9.6560102080e-01    -3.8475412288e+00    298.46      0.0   
0        13       1        0        -9.6560102080e-01    -3.7747187248e+00    290.92      0.0   
0        14       1        0        -9.6560102080e-01    -3.7414645815e+00    287.48      0.0   
0        15       1        0        -9.6560102080e-01    -3.7053438403e+00    283.73      0.0   
0        16       1        0        -9.6560102080e-01    -3.6859019791e+00    281.72      0.0   
0        17       1        0        -9.6560102080e-01    -3.6546108728e+00    278.48      0.0   
0        18       1        0        -9.6560102080e-01    -3.6390223900e+00    276.87      0.0   
0        19       1        0        -9.6560102080e-01    -3.6229367899e+00    275.20      0.0   
0        20       1        0        -9.6560102080e-01    -3.5839429674e+00    271.16      0.0   
0        21       1        0        -9.6560102080e-01    -3.5687551643e+00    269.59      0.0   
0        22       1        0        -9.6560102080e-01    -3.5562857268e+00    268.30      0.1   
0        23       1        0        -9.6560102080e-01    -3.5445896795e+00    267.09      0.1   
0        24       1        0        -9.6560102080e-01    -3.5298325619e+00    265.56      0.1   
0        25       1        0        -9.6560102080e-01    -3.5181677061e+00    264.35      0.1   
0        26       1        0        -9.6560102080e-01    -3.5031097792e+00    262.79      0.1   
0        27       1        0        -9.6560102080e-01    -3.4887364258e+00    261.30      0.1   
0        28       1        0        -9.6560102080e-01    -3.4812084095e+00    260.52      0.1   
0        29       1        0        -9.6560102080e-01    -3.4652243521e+00    258.87      0.1   
0        30       1        0        -9.6560102080e-01    -3.4502039185e+00    257.31      0.1   
0        31       1        0        -9.6560102080e-01    -3.4352334274e+00    255.76      0.1   
0        32       1        0        -9.6560102080e-01    -3.4227187306e+00    254.47      0.1   
0        33       1        0        -9.6560102080e-01    -3.4136464370e+00    253.53      0.1   
0        34       1        0        -9.6560102080e-01    -3.3936814712e+00    251.46      0.1   
0        35       1        0        -9.6560102080e-01    -3.3835534251e+00    250.41      0.1   
0        36       1        0        -9.6560102080e-01    -3.3748025478e+00    249.50      0.1   
0        37       1        0        -9.6560102080e-01    -3.3679891801e+00    248.80      0.1   
0        38       1        0        -9.6560102080e-01    -3.3558668516e+00    247.54      0.1   
0        39       1        0        -9.6560102080e-01    -3.3398361684e+00    245.88      0.1   
0        40       1        0        -9.6560102080e-01    -3.3288496229e+00    244.74      0.1   
0        41       1        0        -9.6560102080e-01    -3.3147385292e+00    243.28      0.1   
0        42       1        0        -9.6560102080e-01    -3.2992111844e+00    241.67      0.1   
0        43       1        0        -9.6560102080e-01    -3.2937588047e+00    241.11      0.1   
0        44       1        0        -9.6560102080e-01    -3.2819391000e+00    239.89      0.1   
0        45       1        0        -9.6560102080e-01    -3.2765768243e+00    239.33      0.1   
0        46       1        0        -9.6560102080e-01    -3.2731142438e+00    238.97      0.1   
0        47       1        0        -9.6560102080e-01    -3.2696356787e+00    238.61      0.1   
0        48       1        0        -9.6560102080e-01    -3.2563327903e+00    237.23      0.1   
0        49       1        0        -9.6560102080e-01    -3.2476355151e+00    236.33      0.1   
0        50       1        0        -9.6560102080e-01    -3.2429799063e+00    235.85      0.1   
0        51       1        0        -9.6560102080e-01    -3.2363341083e+00    235.16      0.1   
0        52       1        0        -9.6560102080e-01    -3.2325267468e+00    234.77      0.1   
0        53       1        0        -9.6560102080e-01    -3.2282847847e+00    234.33      0.1   
0        54       1        0        -9.6560102080e-01    -3.2221302599e+00    233.69      0.1   
Cut generation terminated. Time = 0.05
0        56       1        0        -9.6560102080e-01    -3.2201156136e+00    233.48      0.1   
1        67       1        0        -9.6560102080e-01    -3.2201156136e+00    233.48      0.1   
15       80       1        0        -9.8566273081e-01    -3.2201156136e+00    226.70      0.1   
30       94       1        0        -1.0699161030e+00    -3.2201156136e+00    200.97      0.1   
46       110      1        0        -1.0699161030e+00    -3.2201156136e+00    200.97      0.1   
64       127      1        0        -1.0699161030e+00    -3.2201156136e+00    200.97      0.1   
75       138      6        3        -1.0699161030e+00    -3.2094123592e+00    199.97      0.1   
89       152      16       6        -1.0699161030e+00    -3.2033792670e+00    199.40      0.1   
119      180      30       6        -1.0699161030e+00    -3.2033792670e+00    199.40      0.1   
149      209      32       8        -1.0907500000e+00    -3.1984081863e+00    193.23      0.1   
179      238      30       10       -1.0907500000e+00    -3.1984081863e+00    193.23      0.1   
209      267      32       13       -1.0907500000e+00    -3.1984081863e+00    193.23      0.1   
239      297      30       15       -1.1114379134e+00    -3.1984081863e+00    187.77      0.1   
269      327      32       18       -1.1114379134e+00    -3.1984081863e+00    187.77      0.1   
299      357      28       20       -1.1114379134e+00    -3.1984081863e+00    187.77      0.2   
323      381      28       23       -1.1728370646e+00    -3.1984081863e+00    172.71      0.2   
347      405      36       7        -1.1728370646e+00    -3.1961953565e+00    172.52      0.2   
383      441      42       9        -1.1728370646e+00    -3.1961953565e+00    172.52      0.2   
425      483      60       13       -1.1728370646e+00    -3.1961953565e+00    172.52      0.2   
485      543      76       18       -1.3274113243e+00    -3.1961953565e+00    140.78      0.2   
557      615      80       11       -1.3274113243e+00    -3.1961953565e+00    140.78      0.2   
635      693      86       12       -1.3274113243e+00    -3.1935252441e+00    140.58      0.2   
719      776      82       13       -1.3274113243e+00    -3.1935252441e+00    140.58      0.2   
797      853      94       17       -1.3274113243e+00    -3.1864383349e+00    140.05      0.2   
887      943      88       18       -1.3287122706e+00    -3.1864383349e+00    139.81      0.2   
971      1025     108      16       -1.4626324584e+00    -3.0951591958e+00    111.62      0.2   
1079     1132     100      18       -1.4626324584e+00    -2.6468263232e+00    80.96       0.2   
1081     1143     100      18       -1.4626324584e+00    -2.6468263232e+00    80.96       0.2   
1186     1246     90       19       -1.4626324584e+00    -2.2349378241e+00    52.80       0.2   
1276     1327     64       21       -1.4626324584e+00    -1.9592303369e+00    33.95       0.2   
1336     1384     44       21       -1.4626324584e+00    -1.9592303369e+00    33.95       0.2   
1377     1419     31       17       -1.4626324584e+00    -1.8369070583e+00    25.59       0.2   
1407     1446     25       8        -1.4626324584e+00    -1.8369070583e+00    25.59       0.2   
1429     1467     19       10       -1.4626324584e+00    -1.8369070583e+00    25.59       0.2   
1447     1485     19       12       -1.4626324584e+00    -1.8369070583e+00    25.59       0.2   
1465     1502     19       13       -1.4626324584e+00    -1.8369070583e+00    25.59       0.2   
1483     1519     13       15       -1.4626324584e+00    -1.8369070583e+00    25.59       0.2   
1495     1530     11       18       -1.4626324584e+00    -1.8369070583e+00    25.59       0.2   
1497     1541     11       18       -1.4626324584e+00    -1.8369070583e+00    25.59       0.2   
1510     1554     11       18       -1.4626324584e+00    -1.8369070583e+00    25.59       0.2   
1522     1566     11       18       -1.4626324584e+00    -1.8369070583e+00    25.59       0.2   
1534     1578     11       18       -1.4626324584e+00    -1.8369070583e+00    25.59       0.2   
1554     1598     9        17       -1.4626324584e+00    -1.8369070583e+00    25.59       0.2   
1565     1609     6        23       -1.4626324584e+00    -1.8369070583e+00    25.59       0.2   
1577     1620     6        20       -1.4626324584e+00    -1.8369070583e+00    25.59       0.2   
1584     1631     5        20       -1.4626324584e+00    -1.8369070583e+00    25.59       0.3   
1591     1643     5        20       -1.4626324584e+00    -1.8369070583e+00    25.59       0.3   
1604     1656     5        20       -1.4626324584e+00    -1.8369070583e+00    25.59       0.3   
1618     1668     4        11       -1.4626324584e+00    -1.8369070583e+00    25.59       0.3   
1630     1680     4        23       -1.4626324584e+00    -1.6523763861e+00    12.97       0.3   
1641     1691     1        18       -1.4626324584e+00    -1.4950021754e+00    2.21        0.3   
1652     1702     0        23       -1.4626324584e+00    -1.4626324584e+00    0.00e+00    0.3   
An optimal solution satisfying the relative gap tolerance of 1.00e-02(%) has been located.
The relative gap is 0.00e+00(%).
An optimal solution satisfying the absolute gap tolerance of 0.00e+00 has been located.
The absolute gap is 0.00e+00.

Objective of best integer solution : -1.462632458442e+00     
Best objective bound               : -1.462632458442e+00     
Construct solution objective       : Not employed
User objective cut value           : Not employed
Number of cuts generated           : 266
  Number of Gomory cuts            : 115
  Number of CMIR cuts              : 151
Number of branches                 : 1652
Number of relaxations solved       : 1702
Number of interior point iterations: 9
Number of simplex iterations       : 4544
Time spend presolving the root     : 0.02
Time spend optimizing the root     : 0.00
Mixed integer optimizer terminated. Time: 0.25

Optimizer terminated. Time: 0.27    


Integer solution solution summary
  Problem status  : PRIMAL_FEASIBLE
  Solution status : INTEGER_OPTIMAL
  Primal.  obj: -1.4626324584e+00   nrm: 7e+00    Viol.  con: 0e+00    var: 0e+00    itg: 0e+00  
