

Problem
  Name                   :                 
  Objective sense        : min             
  Type                   : LO (linear optimization problem)
  Constraints            : 2017            
  Cones                  : 0               
  Scalar variables       : 65              
  Matrix variables       : 0               
  Integer variables      : 64              

Optimizer started.
Mixed integer optimizer started.
Threads used: 6
Presolve started.
Presolve terminated. Time = 0.03
Presolved problem: 65 variables, 2017 constraints, 6112 non-zeros
Presolved problem: 0 general integer, 64 binary, 1 continuous
Clique table size: 0
BRANCHES RELAXS   ACT_NDS  DEPTH    BEST_INT_OBJ         BEST_RELAX_OBJ       REL_GAP(%)  TIME  
0        0        1        0        -4.1572817789e-02    NA                   NA          0.0   
0        1        1        0        -4.1572817789e-02    -5.3340401864e+00    1.27e+04    0.1   
0        1        1        0        -4.3006981886e-01    -5.3340401864e+00    1.14e+03    0.1   
Cut generation started.
0        1        1        0        -4.3006981886e-01    -5.3340401865e+00    1.14e+03    0.1   
0        2        1        0        -4.3006981886e-01    -5.2878042549e+00    1.13e+03    0.1   
0        3        1        0        -4.3006981886e-01    -5.2245446505e+00    1.11e+03    0.1   
0        4        1        0        -4.3006981886e-01    -5.0636862184e+00    1.08e+03    0.1   
0        5        1        0        -4.3006981886e-01    -4.9476434068e+00    1.05e+03    0.2   
0        6        1        0        -4.3006981886e-01    -4.8081835970e+00    1.02e+03    0.2   
0        7        1        0        -4.3006981886e-01    -4.6815547016e+00    988.56      0.2   
0        8        1        0        -4.3006981886e-01    -4.5697841029e+00    962.57      0.2   
0        9        1        0        -4.3006981886e-01    -4.4375176338e+00    931.81      0.2   
0        10       1        0        -4.3006981886e-01    -4.3302411201e+00    906.87      0.2   
0        11       1        0        -4.3006981886e-01    -4.2277968832e+00    883.05      0.2   
0        12       1        0        -4.3006981886e-01    -4.1388088910e+00    862.36      0.2   
0        13       1        0        -4.3006981886e-01    -4.0505112020e+00    841.83      0.3   
0        14       1        0        -4.3006981886e-01    -3.9695680650e+00    823.01      0.3   
0        15       1        0        -4.3006981886e-01    -3.8877702967e+00    803.99      0.3   
0        16       1        0        -4.3006981886e-01    -3.8489639786e+00    794.96      0.3   
0        17       1        0        -4.3006981886e-01    -3.7872673991e+00    780.62      0.3   
0        18       1        0        -4.3006981886e-01    -3.7671380626e+00    775.94      0.3   
0        19       1        0        -4.3006981886e-01    -3.7495726698e+00    771.85      0.3   
0        20       1        0        -4.3006981886e-01    -3.7253548813e+00    766.22      0.3   
0        21       1        0        -4.3006981886e-01    -3.7212480830e+00    765.27      0.4   
0        22       1        0        -4.3006981886e-01    -3.6989707017e+00    760.09      0.4   
0        23       1        0        -4.3006981886e-01    -3.6689936082e+00    753.12      0.4   
0        24       1        0        -4.3006981886e-01    -3.6579096589e+00    750.54      0.4   
0        25       1        0        -4.3006981886e-01    -3.6495113562e+00    748.59      0.4   
0        26       1        0        -4.3006981886e-01    -3.6413238933e+00    746.68      0.4   
0        27       1        0        -4.3006981886e-01    -3.6217144137e+00    742.12      0.4   
0        28       1        0        -4.3006981886e-01    -3.6027589966e+00    737.71      0.4   
0        29       1        0        -4.3006981886e-01    -3.5982764580e+00    736.67      0.4   
0        30       1        0        -4.3006981886e-01    -3.5937244872e+00    735.61      0.5   
0        31       1        0        -4.3006981886e-01    -3.5892526099e+00    734.57      0.5   
0        32       1        0        -4.3006981886e-01    -3.5847360295e+00    733.52      0.5   
0        33       1        0        -4.3006981886e-01    -3.5802139690e+00    732.47      0.5   
0        34       1        0        -4.3006981886e-01    -3.5732023180e+00    730.84      0.5   
0        35       1        0        -4.3006981886e-01    -3.5668720497e+00    729.37      0.5   
0        36       1        0        -4.3006981886e-01    -3.5608693146e+00    727.97      0.5   
0        37       1        0        -4.3006981886e-01    -3.5523612043e+00    726.00      0.5   
0        38       1        0        -4.3006981886e-01    -3.5436262789e+00    723.97      0.5   
0        39       1        0        -4.3006981886e-01    -3.5356158998e+00    722.10      0.6   
0        40       1        0        -4.3006981886e-01    -3.5285069299e+00    720.45      0.6   
0        41       1        0        -4.3006981886e-01    -3.5245697299e+00    719.53      0.6   
Cut generation terminated. Time = 0.36
0        43       1        0        -4.3006981886e-01    -3.5213202011e+00    718.78      0.6   
0        43       1        0        -4.8759384055e-01    -3.5213202011e+00    622.18      0.6   
1        54       1        0        -4.8759384055e-01    -3.5213202011e+00    622.18      0.7   
19       72       1        0        -4.8759384055e-01    -3.5213202011e+00    622.18      0.7   
37       90       1        0        -4.8759384055e-01    -3.5213202011e+00    622.18      0.7   
67       120      1        0        -4.8759384055e-01    -3.5213202011e+00    622.18      0.7   
115      168      1        0        -4.8759384055e-01    -3.5213202011e+00    622.18      0.7   
211      264      1        0        -6.2265336103e-01    -3.5213202011e+00    465.53      0.8   
224      276      6        3        -6.2265336103e-01    -3.5213202011e+00    465.53      0.8   
238      290      10       5        -6.2265336103e-01    -3.5192446389e+00    465.20      0.8   
253      304      21       7        -6.2265336103e-01    -3.5138720384e+00    464.34      0.8   
271      322      33       8        -6.9091205901e-01    -3.5138720384e+00    408.58      0.8   
301      350      45       11       -8.7220213691e-01    -3.5099625821e+00    302.43      0.8   
343      383      51       11       -8.8774000000e-01    -3.5059859153e+00    294.93      0.8   
391      431      69       15       -8.8774000000e-01    -3.4989318475e+00    294.14      0.9   
457      492      67       21       -8.8774000000e-01    -3.4989318475e+00    294.14      0.9   
523      555      77       19       -8.8774000000e-01    -3.4865473802e+00    292.74      0.9   
595      625      87       26       -8.8774000000e-01    -3.4856582573e+00    292.64      1.0   
679      708      87       33       -9.1419303828e-01    -3.4856582573e+00    281.28      1.0   
763      791      103      40       -9.1419303828e-01    -3.4856582573e+00    281.28      1.0   
865      892      115      49       -9.3865000000e-01    -3.4856582573e+00    271.35      1.1   
979      1003     137      58       -9.3976291544e-01    -3.4856582573e+00    270.91      1.1   
1111     1130     177      31       -9.3976291544e-01    -3.4747609021e+00    269.75      1.2   
1285     1304     225      46       -9.3976291544e-01    -3.4420852316e+00    266.27      1.3   
1503     1522     277      43       -9.3976291544e-01    -3.4127524550e+00    263.15      1.3   
1750     1768     368      52       -9.3976291544e-01    -2.9929600912e+00    218.48      1.4   
1997     2007     449      15       -9.3976291544e-01    -2.9929600912e+00    218.48      1.5   
2251     2260     521      42       -9.3976291544e-01    -2.9929600912e+00    218.48      1.6   
2253     2271     521      42       -9.3976291544e-01    -2.9929600912e+00    218.48      1.6   
2266     2284     521      42       -9.3976291544e-01    -2.9929600912e+00    218.48      1.6   
2281     2299     521      42       -9.3976291544e-01    -2.9929600912e+00    218.48      1.6   
2309     2327     521      42       -9.3976291544e-01    -2.9929600912e+00    218.48      1.6   
2339     2356     521      42       -9.3976291544e-01    -2.9929600912e+00    218.48      1.6   
2381     2395     521      42       -9.3976291544e-01    -2.9929600912e+00    218.48      1.6   
2632     2646     584      60       -9.3976291544e-01    -2.9929600912e+00    218.48      1.7   
2888     2902     640      34       -9.3976291544e-01    -2.9230515321e+00    211.04      1.8   
3142     3156     692      57       -9.3976291544e-01    -2.9230515321e+00    211.04      1.9   
3400     3414     734      53       -9.3976291544e-01    -2.8778728508e+00    206.23      2.0   
3660     3674     764      56       -9.3976291544e-01    -2.8778728508e+00    206.23      2.1   
3918     3929     824      45       -9.3976291544e-01    -2.8532320058e+00    203.61      2.2   
4173     4184     873      39       -9.3976291544e-01    -2.8532320058e+00    203.61      2.3   
4433     4444     917      61       -9.3976291544e-01    -2.8532320058e+00    203.61      2.4   
4686     4697     982      43       -9.3976291544e-01    -2.8532320058e+00    203.61      2.5   
4950     4959     1028     39       -9.3976291544e-01    -2.8532320058e+00    203.61      2.6   
4952     4970     1028     39       -9.3976291544e-01    -2.8532320058e+00    203.61      2.6   
4963     4981     1028     39       -9.3976291544e-01    -2.8532320058e+00    203.61      2.6   
4978     4996     1028     39       -9.3976291544e-01    -2.8532320058e+00    203.61      2.6   
4996     5014     1028     39       -9.3976291544e-01    -2.8532320058e+00    203.61      2.6   
5026     5044     1028     39       -9.3976291544e-01    -2.8532320058e+00    203.61      2.6   
5074     5092     1028     39       -9.3976291544e-01    -2.8532320058e+00    203.61      2.6   
5140     5156     1028     39       -9.3976291544e-01    -2.8532320058e+00    203.61      2.7   
5382     5396     1060     52       -1.0349074135e+00    -2.8532320058e+00    175.70      2.8   
5650     5662     1080     57       -1.0349074135e+00    -2.8264766378e+00    173.11      2.9   
5918     5924     1100     49       -1.0349074135e+00    -2.8264766378e+00    173.11      3.0   
6186     6189     1122     49       -1.0349074135e+00    -2.4463936575e+00    136.39      3.0   
6455     6454     1131     39       -1.0349074135e+00    -2.4463936575e+00    136.39      3.1   
6737     6719     1121     62       -1.0349074135e+00    -2.4463936575e+00    136.39      3.2   
7017     6983     1121     50       -1.0349074135e+00    -2.2540901437e+00    117.81      3.4   
7302     7248     1102     46       -1.0349074135e+00    -2.2540901437e+00    117.81      3.5   
7572     7512     1082     41       -1.0349074135e+00    -2.1344233988e+00    106.24      3.6   
7838     7777     1088     51       -1.0349074135e+00    -2.0922552309e+00    102.17      3.7   
7840     7788     1088     51       -1.0349074135e+00    -2.0922552309e+00    102.17      3.8   
7855     7799     1088     51       -1.0349074135e+00    -2.0922552309e+00    102.17      3.8   
7867     7810     1088     51       -1.0349074135e+00    -2.0922552309e+00    102.17      3.8   
7879     7822     1088     51       -1.0349074135e+00    -2.0922552309e+00    102.17      3.8   
7895     7837     1088     51       -1.0349074135e+00    -2.0922552309e+00    102.17      3.8   
7913     7854     1088     51       -1.0349074135e+00    -2.0922552309e+00    102.17      3.8   
7929     7869     1088     51       -1.0349074135e+00    -2.0922552309e+00    102.17      3.8   
7942     7882     1088     51       -1.0349074135e+00    -2.0922552309e+00    102.17      3.8   
7953     7893     1088     51       -1.0349074135e+00    -2.0922552309e+00    102.17      3.8   
8225     8160     1084     58       -1.0349074135e+00    -2.0707140367e+00    100.09      3.9   
8492     8425     1091     25       -1.0349074135e+00    -2.0291751577e+00    96.07       4.0   
8761     8691     1088     47       -1.0349074135e+00    -2.0291751577e+00    96.07       4.0   
9031     8957     1080     31       -1.0349074135e+00    -1.9708784495e+00    90.44       4.1   
9298     9223     1081     51       -1.0349074135e+00    -1.9532720686e+00    88.74       4.2   
9568     9489     1061     48       -1.0349074135e+00    -1.9197164265e+00    85.50       4.3   
9834     9754     1053     59       -1.0349074135e+00    -1.9197164265e+00    85.50       4.4   
10100    10019    1043     56       -1.0349074135e+00    -1.9197164265e+00    85.50       4.5   
10372    10287    1011     48       -1.0349074135e+00    -1.8739815200e+00    81.08       4.6   
10634    10547    1005     48       -1.0349074135e+00    -1.8664382218e+00    80.35       4.7   
10901    10812    986      52       -1.0349074135e+00    -1.8664382218e+00    80.35       4.8   
11168    11078    977      36       -1.0349074135e+00    -1.7506582264e+00    69.16       4.9   
11437    11343    958      55       -1.0349100000e+00    -1.7489081218e+00    68.99       5.0   
11702    11607    949      39       -1.0349100000e+00    -1.7489081218e+00    68.99       5.1   
11967    11871    934      61       -1.0349100000e+00    -1.7051536217e+00    64.76       5.2   
12233    12125    910      42       -1.0349100000e+00    -1.7051536217e+00    64.76       5.3   
12503    12391    900      60       -1.0349100000e+00    -1.7027536754e+00    64.53       5.3   
12770    12656    875      27       -1.0349100000e+00    -1.7027536754e+00    64.53       5.4   
13036    12922    865      48       -1.0349100000e+00    -1.7027536754e+00    64.53       5.5   
13303    13188    846      45       -1.0349100000e+00    -1.5967207175e+00    54.29       5.6   
13574    13456    843      58       -1.0349100000e+00    -1.5967207175e+00    54.29       5.7   
13846    13723    817      47       -1.0349100000e+00    -1.5967207175e+00    54.29       5.8   
14117    13992    808      40       -1.0349100000e+00    -1.5967207175e+00    54.29       5.9   
14387    14258    776      44       -1.0349100000e+00    -1.5967207175e+00    54.29       6.0   
14656    14525    771      47       -1.0349100000e+00    -1.5276136700e+00    47.61       6.1   
14929    14792    752      53       -1.0349100000e+00    -1.5276136700e+00    47.61       6.2   
15200    15059    733      49       -1.0349100000e+00    -1.5276136700e+00    47.61       6.3   
15468    15327    739      33       -1.0349100000e+00    -1.5070059035e+00    45.62       6.4   
15739    15595    732      55       -1.0349100000e+00    -1.5070059035e+00    45.62       6.5   
16012    15862    733      51       -1.0349100000e+00    -1.4883066517e+00    43.81       6.5   
16279    16128    716      26       -1.0349100000e+00    -1.4883066517e+00    43.81       6.6   
16547    16396    716      17       -1.0349100000e+00    -1.4831938669e+00    43.32       6.7   
16808    16653    713      24       -1.0349100000e+00    -1.4831938669e+00    43.32       6.8   
17076    16921    707      46       -1.0349100000e+00    -1.4831938669e+00    43.32       6.9   
17348    17189    703      62       -1.0349100000e+00    -1.4831938669e+00    43.32       7.0   
17616    17457    701      42       -1.0349100000e+00    -1.4730014295e+00    42.33       7.1   
17885    17726    684      51       -1.0349100000e+00    -1.4730014295e+00    42.33       7.2   
18155    17994    674      57       -1.0349100000e+00    -1.4730014295e+00    42.33       7.3   
18423    18262    670      61       -1.0349100000e+00    -1.4526574252e+00    40.37       7.4   
18699    18531    634      60       -1.0349100000e+00    -1.3896789394e+00    34.28       7.5   
18969    18801    632      45       -1.0349100000e+00    -1.3896789394e+00    34.28       7.6   
19239    19068    626      59       -1.0349100000e+00    -1.3896789394e+00    34.28       7.7   
19510    19337    611      43       -1.0349100000e+00    -1.3896789394e+00    34.28       7.7   
19790    19607    603      30       -1.0349100000e+00    -1.3896789394e+00    34.28       7.8   
20065    19876    610      48       -1.0349100000e+00    -1.3896789394e+00    34.28       7.9   
20326    20136    601      53       -1.0349100000e+00    -1.3896789394e+00    34.28       8.0   
20595    20404    588      53       -1.0349100000e+00    -1.3896789394e+00    34.28       8.1   
20866    20670    551      52       -1.0349100000e+00    -1.3290820052e+00    28.42       8.2   
21135    20938    542      51       -1.0349100000e+00    -1.3290820052e+00    28.42       8.3   
21402    21205    543      44       -1.0349100000e+00    -1.3290820052e+00    28.42       8.4   
21676    21474    543      60       -1.0349100000e+00    -1.3056349478e+00    26.16       8.4   
21945    21743    540      56       -1.0349100000e+00    -1.3056349478e+00    26.16       8.5   
22218    22012    529      54       -1.0349100000e+00    -1.3013686745e+00    25.75       8.6   
22487    22281    522      29       -1.0349100000e+00    -1.2858944623e+00    24.25       8.7   
22761    22550    502      52       -1.0349100000e+00    -1.2858381516e+00    24.25       8.8   
23026    22814    499      61       -1.0349100000e+00    -1.2715907990e+00    22.87       8.9   
23305    23083    468      48       -1.0349100000e+00    -1.2715907990e+00    22.87       9.0   
23582    23352    445      56       -1.0349100000e+00    -1.2519452267e+00    20.97       9.1   
23856    23622    435      38       -1.0349100000e+00    -1.2470355621e+00    20.50       9.2   
24126    23892    429      61       -1.0497993773e+00    -1.2366303357e+00    17.80       9.3   
24403    24162    412      56       -1.0497993773e+00    -1.2366303357e+00    17.80       9.3   
24674    24422    383      30       -1.0497993773e+00    -1.2366303357e+00    17.80       9.4   
24949    24692    378      52       -1.0497993773e+00    -1.2002736576e+00    14.33       9.5   
25223    24962    360      57       -1.0497993773e+00    -1.2002736576e+00    14.33       9.6   
25501    25231    342      58       -1.0497993773e+00    -1.1946885044e+00    13.80       9.7   
25780    25501    319      57       -1.0497993773e+00    -1.1880907893e+00    13.17       9.8   
26051    25771    314      41       -1.0497993773e+00    -1.1764633205e+00    12.07       9.9   
26324    26041    307      54       -1.0497993773e+00    -1.1764633205e+00    12.07       10.0  
26600    26311    293      54       -1.0497993773e+00    -1.1764633205e+00    12.07       10.1  
26880    26580    271      61       -1.0497993773e+00    -1.1712988098e+00    11.57       10.2  
27150    26826    231      48       -1.0497993773e+00    -1.1712988098e+00    11.57       10.3  
27378    27044    211      62       -1.0497993773e+00    -1.1712988098e+00    11.57       10.3  
27588    27248    201      59       -1.0497993773e+00    -1.1712988098e+00    11.57       10.4  
27786    27436    175      54       -1.0497993773e+00    -1.1488751139e+00    9.44        10.5  
27960    27610    175      60       -1.0497993773e+00    -1.1328345778e+00    7.91        10.5  
28134    27768    145      51       -1.0497993773e+00    -1.1272853665e+00    7.38        10.6  
28278    27909    141      63       -1.0497993773e+00    -1.1272853665e+00    7.38        10.6  
28416    28043    131      51       -1.0497993773e+00    -1.1232455988e+00    7.00        10.7  
28542    28169    133      61       -1.0497993773e+00    -1.1232455988e+00    7.00        10.7  
28674    28300    117      52       -1.0497993773e+00    -1.1232455988e+00    7.00        10.8  
28788    28414    119      61       -1.0497993773e+00    -1.1232455988e+00    7.00        10.8  
28902    28525    107      31       -1.0497993773e+00    -1.1232455988e+00    7.00        10.8  
29004    28624    101      37       -1.0497993773e+00    -1.1232455988e+00    7.00        10.9  
29100    28719    101      45       -1.0497993773e+00    -1.1232455988e+00    7.00        10.9  
29196    28814    101      53       -1.0497993773e+00    -1.1232455988e+00    7.00        10.9  
29292    28910    99       61       -1.0497993773e+00    -1.1232455988e+00    7.00        11.0  
29388    29004    93       49       -1.0497993773e+00    -1.1232455988e+00    7.00        11.0  
29478    29094    93       59       -1.0497993773e+00    -1.1232455988e+00    7.00        11.0  
29568    29182    91       44       -1.0497993773e+00    -1.1206965354e+00    6.75        11.1  
29658    29271    87       52       -1.0497993773e+00    -1.1187783165e+00    6.57        11.1  
29742    29353    85       59       -1.0497993773e+00    -1.1187783165e+00    6.57        11.1  
29826    29437    83       58       -1.0497993773e+00    -1.1187783165e+00    6.57        11.1  
29904    29507    65       61       -1.0497993773e+00    -1.1187783165e+00    6.57        11.2  
29964    29566    61       58       -1.0497993773e+00    -1.1187783165e+00    6.57        11.2  
30024    29625    59       55       -1.0497993773e+00    -1.1187783165e+00    6.57        11.2  
30078    29679    63       59       -1.0497993773e+00    -1.1187783165e+00    6.57        11.2  
30138    29736    49       61       -1.0497993773e+00    -1.1187783165e+00    6.57        11.3  
30186    29779    45       61       -1.0497993773e+00    -1.1144716909e+00    6.16        11.3  
30228    29819    45       59       -1.0497993773e+00    -1.1144716909e+00    6.16        11.3  
30270    29860    45       62       -1.0497993773e+00    -1.1144716909e+00    6.16        11.3  
30312    29901    41       40       -1.0497993773e+00    -1.1144716909e+00    6.16        11.3  
30348    29937    39       43       -1.0497993773e+00    -1.1144716909e+00    6.16        11.3  
30384    29973    39       46       -1.0497993773e+00    -1.1144716909e+00    6.16        11.3  
30420    30009    39       49       -1.0497993773e+00    -1.1144716909e+00    6.16        11.3  
30456    30045    37       52       -1.0497993773e+00    -1.1144716909e+00    6.16        11.4  
30492    30081    37       55       -1.0497993773e+00    -1.1144716909e+00    6.16        11.4  
30528    30117    37       58       -1.0497993773e+00    -1.1144716909e+00    6.16        11.4  
30564    30153    39       61       -1.0497993773e+00    -1.1144716909e+00    6.16        11.4  
30600    30189    37       40       -1.0497993773e+00    -1.1144716909e+00    6.16        11.4  
30636    30224    37       43       -1.0497993773e+00    -1.1144716909e+00    6.16        11.4  
30672    30260    37       45       -1.0497993773e+00    -1.1144716909e+00    6.16        11.4  
30708    30296    35       48       -1.0497993773e+00    -1.1144716909e+00    6.16        11.5  
30738    30326    31       51       -1.0497993773e+00    -1.1144716909e+00    6.16        11.5  
30768    30356    39       53       -1.0497993773e+00    -1.1144716909e+00    6.16        11.5  
30804    30392    39       57       -1.0497993773e+00    -1.1144716909e+00    6.16        11.5  
30840    30428    39       60       -1.0497993773e+00    -1.1144716909e+00    6.16        11.5  
30876    30464    37       54       -1.0497993773e+00    -1.1144716909e+00    6.16        11.5  
30912    30500    33       57       -1.0497993773e+00    -1.1144716909e+00    6.16        11.5  
30942    30530    35       52       -1.0497993773e+00    -1.1144716909e+00    6.16        11.5  
30972    30559    25       54       -1.0497993773e+00    -1.1144716909e+00    6.16        11.5  
30994    30581    25       56       -1.0497993773e+00    -1.1144716909e+00    6.16        11.5  
31018    30604    23       58       -1.0497993773e+00    -1.1144716909e+00    6.16        11.6  
31036    30622    25       59       -1.0497993773e+00    -1.1144716909e+00    6.16        11.6  
31060    30646    29       61       -1.0497993773e+00    -1.1144716909e+00    6.16        11.6  
31084    30670    27       60       -1.0497993773e+00    -1.1144716909e+00    6.16        11.6  
31108    30694    27       61       -1.0497993773e+00    -1.1144716909e+00    6.16        11.6  
31132    30718    29       55       -1.0497993773e+00    -1.1144716909e+00    6.16        11.6  
31156    30742    29       57       -1.0497993773e+00    -1.1144716909e+00    6.16        11.6  
31180    30766    29       58       -1.0497993773e+00    -1.1021702759e+00    4.99        11.6  
31204    30790    27       44       -1.0497993773e+00    -1.1021702759e+00    4.99        11.6  
31228    30814    29       50       -1.0497993773e+00    -1.1021702759e+00    4.99        11.6  
31252    30838    27       52       -1.0497993773e+00    -1.1021702759e+00    4.99        11.6  
31276    30862    29       54       -1.0497993773e+00    -1.1021702759e+00    4.99        11.6  
31300    30886    25       56       -1.0497993773e+00    -1.1021702759e+00    4.99        11.7  
31324    30909    23       58       -1.0497993773e+00    -1.1021702759e+00    4.99        11.7  
31342    30927    21       60       -1.0497993773e+00    -1.1021702759e+00    4.99        11.7  
31360    30945    23       62       -1.0497993773e+00    -1.1021702759e+00    4.99        11.7  
31378    30963    21       63       -1.0497993773e+00    -1.1021702759e+00    4.99        11.7  
31396    30981    23       60       -1.0497993773e+00    -1.1021702759e+00    4.99        11.7  
31414    30999    23       62       -1.0497993773e+00    -1.1021702759e+00    4.99        11.7  
31432    31017    21       55       -1.0497993773e+00    -1.1021702759e+00    4.99        11.7  
31450    31035    19       56       -1.0497993773e+00    -1.1021702759e+00    4.99        11.7  
31468    31053    19       43       -1.0497993773e+00    -1.1021702759e+00    4.99        11.7  
31486    31071    21       44       -1.0497993773e+00    -1.1021702759e+00    4.99        11.7  
31504    31089    19       45       -1.0497993773e+00    -1.1021702759e+00    4.99        11.7  
31522    31107    21       57       -1.0497993773e+00    -1.1021702759e+00    4.99        11.7  
31540    31125    21       59       -1.0497993773e+00    -1.1021702759e+00    4.99        11.8  
31558    31143    21       60       -1.0497993773e+00    -1.1021702759e+00    4.99        11.8  
31576    31159    15       62       -1.0497993773e+00    -1.1021702759e+00    4.99        11.8  
31587    31170    16       59       -1.0497993773e+00    -1.1021702759e+00    4.99        11.8  
31599    31182    14       62       -1.0497993773e+00    -1.1021702759e+00    4.99        11.8  
31621    31202    14       48       -1.0497993773e+00    -1.1021702759e+00    4.99        11.8  
31633    31214    14       22       -1.0497993773e+00    -1.1021702759e+00    4.99        11.8  
31645    31226    12       23       -1.0497993773e+00    -1.1021702759e+00    4.99        11.8  
31656    31237    13       24       -1.0497993773e+00    -1.0556525259e+00    0.56        11.8  
31678    31259    13       52       -1.0497993773e+00    -1.0556525259e+00    0.56        11.8  
31690    31271    13       53       -1.0497993773e+00    -1.0556525259e+00    0.56        11.8  
31702    31283    13       26       -1.0497993773e+00    -1.0556525259e+00    0.56        11.8  
31714    31295    15       55       -1.0497993773e+00    -1.0556525259e+00    0.56        11.8  
31726    31307    15       54       -1.0497993773e+00    -1.0556525259e+00    0.56        11.8  
31738    31319    15       55       -1.0497993773e+00    -1.0556525259e+00    0.56        11.8  
31750    31331    15       56       -1.0497993773e+00    -1.0556525259e+00    0.56        11.8  
31762    31343    15       57       -1.0497993773e+00    -1.0556525259e+00    0.56        11.8  
31774    31355    15       58       -1.0497993773e+00    -1.0556525259e+00    0.56        11.8  
31786    31367    15       59       -1.0497993773e+00    -1.0556525259e+00    0.56        11.8  
31797    31378    14       60       -1.0497993773e+00    -1.0556525259e+00    0.56        11.8  
31817    31398    14       56       -1.0497993773e+00    -1.0556525259e+00    0.56        11.8  
31829    31410    14       26       -1.0497993773e+00    -1.0556525259e+00    0.56        11.9  
31841    31422    12       62       -1.0497993773e+00    -1.0556525259e+00    0.56        11.9  
31859    31440    14       28       -1.0497993773e+00    -1.0556525259e+00    0.56        11.9  
31871    31452    16       28       -1.0497993773e+00    -1.0556525259e+00    0.56        11.9  
31883    31464    16       29       -1.0497993773e+00    -1.0556525259e+00    0.56        11.9  
31906    31486    13       62       -1.0497993773e+00    -1.0524008994e+00    0.25        11.9  
31918    31498    15       32       -1.0497993773e+00    -1.0524008994e+00    0.25        11.9  
31930    31510    15       30       -1.0497993773e+00    -1.0524008994e+00    0.25        11.9  
31942    31522    15       45       -1.0497993773e+00    -1.0524008994e+00    0.25        11.9  
31954    31534    17       35       -1.0497993773e+00    -1.0524008994e+00    0.25        11.9  
31966    31546    17       35       -1.0497993773e+00    -1.0524008994e+00    0.25        11.9  
31989    31568    18       36       -1.0497993773e+00    -1.0524008994e+00    0.25        11.9  
32007    31586    16       39       -1.0497993773e+00    -1.0524008994e+00    0.25        11.9  
32019    31598    16       36       -1.0497993773e+00    -1.0524008994e+00    0.25        11.9  
32031    31610    16       40       -1.0497993773e+00    -1.0524008994e+00    0.25        11.9  
32043    31622    18       40       -1.0497993773e+00    -1.0524008994e+00    0.25        11.9  
32061    31640    18       37       -1.0497993773e+00    -1.0524008994e+00    0.25        11.9  
32079    31658    18       42       -1.0497993773e+00    -1.0524008994e+00    0.25        12.0  
32097    31676    18       41       -1.0497993773e+00    -1.0524008994e+00    0.25        12.0  
32115    31694    16       41       -1.0497993773e+00    -1.0524008994e+00    0.25        12.0  
32127    31706    16       42       -1.0497993773e+00    -1.0524008994e+00    0.25        12.0  
32138    31717    17       43       -1.0497993773e+00    -1.0524008994e+00    0.25        12.0  
32150    31729    17       44       -1.0497993773e+00    -1.0524008994e+00    0.25        12.0  
32162    31741    17       45       -1.0497993773e+00    -1.0524008994e+00    0.25        12.0  
32174    31753    17       46       -1.0497993773e+00    -1.0524008994e+00    0.25        12.0  
32186    31765    17       47       -1.0497993773e+00    -1.0524008994e+00    0.25        12.0  
32198    31777    17       48       -1.0497993773e+00    -1.0524008994e+00    0.25        12.0  
32210    31789    17       49       -1.0497993773e+00    -1.0524008994e+00    0.25        12.0  
32222    31801    19       50       -1.0497993773e+00    -1.0524008994e+00    0.25        12.0  
32240    31819    19       52       -1.0497993773e+00    -1.0524008994e+00    0.25        12.0  
32258    31837    21       53       -1.0497993773e+00    -1.0524008994e+00    0.25        12.0  
32276    31855    17       55       -1.0497993773e+00    -1.0524008994e+00    0.25        12.0  
32288    31867    17       51       -1.0497993773e+00    -1.0524008994e+00    0.25        12.0  
32300    31879    19       56       -1.0497993773e+00    -1.0524008994e+00    0.25        12.0  
32318    31897    15       40       -1.0497993773e+00    -1.0524008994e+00    0.25        12.0  
32330    31909    15       57       -1.0497993773e+00    -1.0524008994e+00    0.25        12.0  
32342    31921    17       40       -1.0497993773e+00    -1.0524008994e+00    0.25        12.0  
32354    31933    17       41       -1.0497993773e+00    -1.0524008994e+00    0.25        12.0  
32366    31945    21       55       -1.0497993773e+00    -1.0524008994e+00    0.25        12.1  
32384    31963    17       56       -1.0497993773e+00    -1.0524008994e+00    0.25        12.1  
32396    31975    17       56       -1.0497993773e+00    -1.0524008994e+00    0.25        12.1  
32408    31987    15       55       -1.0497993773e+00    -1.0524008994e+00    0.25        12.1  
32420    31999    15       55       -1.0497993773e+00    -1.0524008994e+00    0.25        12.1  
32432    32011    15       57       -1.0497993773e+00    -1.0524008994e+00    0.25        12.1  
32444    32023    15       57       -1.0497993773e+00    -1.0524008994e+00    0.25        12.1  
32456    32035    15       45       -1.0497993773e+00    -1.0524008994e+00    0.25        12.1  
32468    32047    13       52       -1.0497993773e+00    -1.0524008994e+00    0.25        12.1  
32480    32059    15       50       -1.0497993773e+00    -1.0524008994e+00    0.25        12.1  
32492    32071    17       58       -1.0497993773e+00    -1.0524008994e+00    0.25        12.1  
32504    32083    17       54       -1.0497993773e+00    -1.0524008994e+00    0.25        12.1  
32524    32103    15       47       -1.0497993773e+00    -1.0524008994e+00    0.25        12.1  
32546    32125    15       49       -1.0497993773e+00    -1.0524008994e+00    0.25        12.1  
32558    32137    15       57       -1.0497993773e+00    -1.0524008994e+00    0.25        12.1  
32577    32156    12       57       -1.0497993773e+00    -1.0524008994e+00    0.25        12.1  
32593    32172    12       58       -1.0497993773e+00    -1.0524008994e+00    0.25        12.2  
32606    32185    11       59       -1.0497993773e+00    -1.0524008994e+00    0.25        12.2  
32625    32204    8        62       -1.0497993773e+00    -1.0524008994e+00    0.25        12.2  
32636    32215    5        58       -1.0497993773e+00    -1.0524008994e+00    0.25        12.2  
32647    32226    2        61       -1.0497993773e+00    -1.0524008994e+00    0.25        12.2  
32658    32237    1        43       -1.0497993773e+00    -1.0524008994e+00    0.25        12.2  
32669    32248    2        48       -1.0497993773e+00    -1.0524008994e+00    0.25        12.2  
32680    32259    1        54       -1.0497993773e+00    -1.0524008994e+00    0.25        12.2  
32691    32270    2        59       -1.0497993773e+00    -1.0524008994e+00    0.25        12.2  
An optimal solution satisfying the relative gap tolerance of 1.00e-02(%) has been located.
The relative gap is 0.00e+00(%).
An optimal solution satisfying the absolute gap tolerance of 0.00e+00 has been located.
The absolute gap is 0.00e+00.

Objective of best integer solution : -1.049799377296e+00     
Best objective bound               : -1.049799377296e+00     
Construct solution objective       : Not employed
User objective cut value           : Not employed
Number of cuts generated           : 788
  Number of Gomory cuts            : 380
  Number of CMIR cuts              : 408
Number of branches                 : 32697
Number of relaxations solved       : 32276
Number of interior point iterations: 10
Number of simplex iterations       : 63406
Time spend presolving the root     : 0.03
Time spend optimizing the root     : 0.02
Mixed integer optimizer terminated. Time: 12.25

Optimizer terminated. Time: 12.25   


Integer solution solution summary
  Problem status  : PRIMAL_FEASIBLE
  Solution status : INTEGER_OPTIMAL
  Primal.  obj: -1.0497993773e+00   nrm: 7e+00    Viol.  con: 0e+00    var: 0e+00    itg: 0e+00  
