

Problem
  Name                   :                 
  Objective sense        : min             
  Type                   : LO (linear optimization problem)
  Constraints            : 301             
  Cones                  : 0               
  Scalar variables       : 26              
  Matrix variables       : 0               
  Integer variables      : 25              

Optimizer started.
Mixed integer optimizer started.
Threads used: 6
Presolve started.
Presolve terminated. Time = 0.00
Presolved problem: 26 variables, 301 constraints, 925 non-zeros
Presolved problem: 0 general integer, 25 binary, 1 continuous
Clique table size: 0
BRANCHES RELAXS   ACT_NDS  DEPTH    BEST_INT_OBJ         BEST_RELAX_OBJ       REL_GAP(%)  TIME  
0        0        1        0        -5.0000000000e-01    NA                   NA          0.0   
0        1        1        0        -5.0000000000e-01    -4.3549451609e+00    770.99      0.0   
0        1        1        0        -7.0710678119e-01    -4.3549451609e+00    515.88      0.0   
Cut generation started.
0        1        1        0        -7.0710678119e-01    -4.3549451609e+00    515.88      0.0   
0        2        1        0        -7.0710678119e-01    -4.2081545566e+00    495.12      0.0   
0        3        1        0        -7.0710678119e-01    -4.0154251475e+00    467.87      0.0   
0        4        1        0        -7.0710678119e-01    -3.8664743984e+00    446.80      0.0   
0        5        1        0        -7.0710678119e-01    -3.8130899463e+00    439.25      0.0   
0        6        1        0        -7.0710678119e-01    -3.7224800098e+00    426.44      0.0   
0        7        1        0        -7.0710678119e-01    -3.6993481358e+00    423.17      0.0   
Cut generation terminated. Time = 0.00
0        12       1        0        -7.0710678119e-01    -3.6962644926e+00    422.73      0.0   
5        24       1        0        -7.0710678119e-01    -3.6962644926e+00    422.73      0.0   
20       39       1        0        -7.0710678119e-01    -3.6962644926e+00    422.73      0.1   
46       65       1        0        -7.0710678119e-01    -3.6962644926e+00    422.73      0.1   
76       95       1        0        -7.0710678119e-01    -3.6962644926e+00    422.73      0.1   
88       107      9        3        -7.0710678119e-01    -3.6081037249e+00    410.26      0.1   
106      125      19       5        -7.0710678119e-01    -3.4169173920e+00    383.23      0.1   
124      142      33       7        -7.0710678119e-01    -3.4138100824e+00    382.79      0.1   
154      172      49       11       -7.0710678119e-01    -3.2905136862e+00    365.35      0.1   
202      216      61       11       -1.0000000000e+00    -3.2602928507e+00    226.03      0.1   
262      271      77       10       -1.0000000000e+00    -3.1273196218e+00    212.73      0.1   
334      339      91       17       -1.0000000000e+00    -3.1273196218e+00    212.73      0.1   
424      429      129      10       -1.0000000000e+00    -2.8779921113e+00    187.80      0.1   
550      551      155      21       -1.0000000000e+00    -2.6521928170e+00    165.22      0.1   
700      697      201      20       -1.0000000000e+00    -2.2360679775e+00    123.61      0.1   
898      882      225      19       -1.0000000000e+00    -2.0271429674e+00    102.71      0.1   
1120     1094     237      19       -1.0000000000e+00    -1.8027756377e+00    80.28       0.1   
1120     1096     237      19       -1.0000000000e+00    -1.8027756377e+00    80.28       0.2   
1125     1108     237      19       -1.0000000000e+00    -1.8027756377e+00    80.28       0.2   
1137     1120     237      19       -1.0000000000e+00    -1.8027756377e+00    80.28       0.2   
1148     1131     237      19       -1.0000000000e+00    -1.8027756377e+00    80.28       0.2   
1163     1146     237      19       -1.0000000000e+00    -1.8027756377e+00    80.28       0.2   
1407     1377     213      19       -1.0000000000e+00    -1.8027756377e+00    80.28       0.2   
1617     1574     163      10       -1.0000000000e+00    -1.5811400000e+00    58.11       0.2   
1779     1730     149      8        -1.0000000000e+00    -1.5811388301e+00    58.11       0.2   
1923     1864     131      9        -1.0000000000e+00    -1.5811388301e+00    58.11       0.2   
2049     1988     129      19       -1.0000000000e+00    -1.5811388301e+00    58.11       0.2   
2175     2110     119      18       -1.0000000000e+00    -1.5811388301e+00    58.11       0.2   
2289     2219     97       13       -1.0000000000e+00    -1.5000000000e+00    50.00       0.2   
2385     2308     75       17       -1.0000000000e+00    -1.5000000000e+00    50.00       0.3   
2457     2378     65       12       -1.0000000000e+00    -1.4142135624e+00    41.42       0.3   
2517     2437     61       17       -1.0000000000e+00    -1.4142135624e+00    41.42       0.3   
2519     2448     61       17       -1.0000000000e+00    -1.4142135624e+00    41.42       0.3   
2531     2460     61       17       -1.0000000000e+00    -1.4142135624e+00    41.42       0.3   
2600     2527     49       17       -1.0000000000e+00    -1.4142135624e+00    41.42       0.3   
2648     2575     45       18       -1.0000000000e+00    -1.1180339887e+00    11.80       0.3   
2690     2617     43       19       -1.0000000000e+00    -1.1180339887e+00    11.80       0.3   
2732     2659     35       13       -1.0000000000e+00    -1.1180339887e+00    11.80       0.3   
2762     2689     35       21       -1.0000000000e+00    -1.1180339887e+00    11.80       0.3   
2792     2719     29       12       -1.0000000000e+00    -1.1180339887e+00    11.80       0.3   
2816     2743     31       20       -1.0000000000e+00    -1.1180339887e+00    11.80       0.3   
2846     2773     31       20       -1.0000000000e+00    -1.1180339887e+00    11.80       0.3   
2876     2803     25       20       -1.0000000000e+00    -1.1180339887e+00    11.80       0.3   
2900     2827     27       17       -1.0000000000e+00    -1.1180339887e+00    11.80       0.3   
2924     2851     25       20       -1.0000000000e+00    -1.1180339887e+00    11.80       0.3   
2948     2875     27       19       -1.0000000000e+00    -1.1180339887e+00    11.80       0.3   
2972     2899     25       20       -1.0000000000e+00    -1.1180339887e+00    11.80       0.3   
2996     2923     17       13       -1.0000000000e+00    -1.1180339887e+00    11.80       0.3   
3008     2935     19       17       -1.0000000000e+00    -1.1180339887e+00    11.80       0.3   
3026     2953     17       19       -1.0000000000e+00    -1.1180339887e+00    11.80       0.3   
3038     2965     17       19       -1.0000000000e+00    -1.1180339887e+00    11.80       0.3   
3050     2977     17       20       -1.0000000000e+00    -1.1180339887e+00    11.80       0.3   
3062     2989     17       20       -1.0000000000e+00    -1.1180339887e+00    11.80       0.3   
3074     3001     15       20       -1.0000000000e+00    -1.1180339887e+00    11.80       0.3   
3088     3015     11       19       -1.0000000000e+00    -1.1180339887e+00    11.80       0.3   
3102     3029     9        19       -1.0000000000e+00    -1.1180339887e+00    11.80       0.3   
3115     3042     8        19       -1.0000000000e+00    -1.1180339887e+00    11.80       0.3   
3127     3054     8        13       -1.0000000000e+00    -1.1180339887e+00    11.80       0.3   
3139     3066     6        15       -1.0000000000e+00    -1.1180339887e+00    11.80       0.3   
3152     3079     7        16       -1.0000000000e+00    -1.1180339887e+00    11.80       0.3   
3164     3091     5        20       -1.0000000000e+00    -1.1180339887e+00    11.80       0.3   
3177     3104     4        19       -1.0000000000e+00    -1.1180339887e+00    11.80       0.3   
3188     3115     1        20       -1.0000000000e+00    -1.1180339887e+00    11.80       0.3   
An optimal solution satisfying the relative gap tolerance of 1.00e-02(%) has been located.
The relative gap is 0.00e+00(%).
An optimal solution satisfying the absolute gap tolerance of 0.00e+00 has been located.
The absolute gap is 0.00e+00.

Objective of best integer solution : -1.000000000000e+00     
Best objective bound               : -1.000000000000e+00     
Construct solution objective       : Not employed
User objective cut value           : Not employed
Number of cuts generated           : 71
  Number of Gomory cuts            : 20
  Number of CMIR cuts              : 51
Number of branches                 : 3189
Number of relaxations solved       : 3116
Number of interior point iterations: 7
Number of simplex iterations       : 8615
Time spend presolving the root     : 0.00
Time spend optimizing the root     : 0.01
Mixed integer optimizer terminated. Time: 0.31

Optimizer terminated. Time: 0.31    


Integer solution solution summary
  Problem status  : PRIMAL_FEASIBLE
  Solution status : INTEGER_OPTIMAL
  Primal.  obj: -1.0000000000e+00   nrm: 8e+00    Viol.  con: 9e-16    var: 0e+00    itg: 8e-16  
