

Problem
  Name                   :                 
  Objective sense        : min             
  Type                   : LO (linear optimization problem)
  Constraints            : 631             
  Cones                  : 0               
  Scalar variables       : 37              
  Matrix variables       : 0               
  Integer variables      : 36              

Optimizer started.
Mixed integer optimizer started.
Threads used: 6
Presolve started.
Presolve terminated. Time = 0.00
Presolved problem: 37 variables, 631 constraints, 1926 non-zeros
Presolved problem: 0 general integer, 36 binary, 1 continuous
Clique table size: 0
BRANCHES RELAXS   ACT_NDS  DEPTH    BEST_INT_OBJ         BEST_RELAX_OBJ       REL_GAP(%)  TIME  
0        0        1        0        -4.0000000000e-01    NA                   NA          0.0   
0        1        1        0        -4.0000000000e-01    -4.4855058468e+00    1.02e+03    0.0   
0        1        1        0        -5.6568542495e-01    -4.4855058468e+00    692.93      0.0   
Cut generation started.
0        1        1        0        -5.6568542495e-01    -4.4855058469e+00    692.93      0.0   
0        2        1        0        -5.6568542495e-01    -4.4427409409e+00    685.37      0.0   
0        3        1        0        -5.6568542495e-01    -4.1854031762e+00    639.88      0.0   
0        4        1        0        -5.6568542495e-01    -4.1216556809e+00    628.61      0.0   
0        5        1        0        -5.6568542495e-01    -4.0013259723e+00    607.34      0.0   
0        6        1        0        -5.6568542495e-01    -3.9214268193e+00    593.22      0.0   
0        7        1        0        -5.6568542495e-01    -3.7877872128e+00    569.59      0.0   
0        8        1        0        -5.6568542495e-01    -3.7376705042e+00    560.73      0.0   
0        9        1        0        -5.6568542495e-01    -3.6918691476e+00    552.64      0.0   
0        10       1        0        -5.6568542495e-01    -3.6373404725e+00    543.00      0.1   
0        11       1        0        -5.6568542495e-01    -3.5871474064e+00    534.12      0.1   
0        12       1        0        -5.6568542495e-01    -3.5452839388e+00    526.72      0.1   
0        13       1        0        -5.6568542495e-01    -3.5351657896e+00    524.93      0.1   
0        14       1        0        -5.6568542495e-01    -3.5289812812e+00    523.84      0.1   
Cut generation terminated. Time = 0.03
0        16       1        0        -5.6568542495e-01    -3.5254743149e+00    523.22      0.1   
1        27       1        0        -5.6568542495e-01    -3.5254743149e+00    523.22      0.1   
19       45       1        0        -5.6568542495e-01    -3.5254743149e+00    523.22      0.1   
37       63       1        0        -5.6568542495e-01    -3.5254743149e+00    523.22      0.1   
73       99       1        0        -5.6568542495e-01    -3.5254743149e+00    523.22      0.2   
84       110      12       3        -5.6568542495e-01    -3.4974141662e+00    518.26      0.2   
110      136      32       7        -5.6568542495e-01    -3.4825705889e+00    515.64      0.2   
140      166      50       10       -5.6568542495e-01    -3.4532167543e+00    510.45      0.2   
188      214      60       15       -5.6568542495e-01    -3.4532167543e+00    510.45      0.2   
248      271      84       11       -5.6568542495e-01    -3.3457707939e+00    491.45      0.2   
332      352      136      19       -5.6568542495e-01    -3.2284271247e+00    470.71      0.2   
464      479      214      16       -5.6568542495e-01    -3.1039380415e+00    448.70      0.2   
669      682      335      14       -5.6568542495e-01    -2.9691355693e+00    424.87      0.3   
897      902      473      23       -5.6568542495e-01    -2.5612500000e+00    352.77      0.3   
1134     1127     580      22       -5.6568542495e-01    -2.5612500000e+00    352.77      0.3   
1382     1358     690      17       -5.6568542495e-01    -2.2627416998e+00    300.00      0.4   
1614     1576     786      24       -5.6568542495e-01    -2.2627416998e+00    300.00      0.4   
1864     1817     878      19       -5.6568542495e-01    -2.2627416998e+00    300.00      0.4   
1864     1819     878      19       -5.6568542495e-01    -2.2627416998e+00    300.00      0.4   
1869     1831     878      19       -5.6568542495e-01    -2.2627416998e+00    300.00      0.4   
1880     1842     878      19       -5.6568542495e-01    -2.2627416998e+00    300.00      0.4   
1892     1854     878      19       -5.6568542495e-01    -2.2627416998e+00    300.00      0.4   
1919     1872     878      19       -5.6568542495e-01    -2.2627416998e+00    300.00      0.4   
1931     1883     878      19       -5.6568542495e-01    -2.2627416998e+00    300.00      0.4   
1943     1894     878      19       -5.6568542495e-01    -2.2627416998e+00    300.00      0.4   
2191     2127     978      25       -5.6568542495e-01    -2.1540659229e+00    280.79      0.5   
2432     2363     1051     23       -5.6568542495e-01    -2.1540659229e+00    280.79      0.5   
2675     2595     1158     23       -5.6568542495e-01    -2.0000000000e+00    253.55      0.5   
2930     2832     1219     25       -5.6568542495e-01    -2.0000000000e+00    253.55      0.5   
3185     3071     1290     26       -5.6568542495e-01    -1.7888543820e+00    216.23      0.6   
3441     3315     1362     21       -5.6568542495e-01    -1.7888543820e+00    216.23      0.6   
3705     3559     1438     23       -5.6568542495e-01    -1.7888543820e+00    216.23      0.6   
3970     3797     1503     24       -5.6568542495e-01    -1.7888543820e+00    216.23      0.7   
4237     4042     1578     28       -5.6568542495e-01    -1.7888543820e+00    216.23      0.7   
4505     4286     1628     20       -5.6568542495e-01    -1.7888543820e+00    216.23      0.7   
4505     4288     1628     20       -5.6568542495e-01    -1.7888543820e+00    216.23      0.7   
4510     4300     1628     20       -5.6568542495e-01    -1.7888543820e+00    216.23      0.7   
4521     4311     1628     20       -5.6568542495e-01    -1.7888543820e+00    216.23      0.7   
4539     4329     1628     20       -5.6568542495e-01    -1.7888543820e+00    216.23      0.7   
4561     4351     1628     20       -5.6568542495e-01    -1.7888543820e+00    216.23      0.7   
4591     4380     1628     20       -5.6568542495e-01    -1.7888543820e+00    216.23      0.7   
4856     4622     1683     24       -5.6568542495e-01    -1.7888543820e+00    216.23      0.8   
5122     4869     1733     28       -5.6568542495e-01    -1.6970562748e+00    200.00      0.8   
5384     5119     1789     18       -5.6568542495e-01    -1.6492422502e+00    191.55      0.8   
5648     5362     1843     12       -5.6568542495e-01    -1.6492422502e+00    191.55      0.8   
5913     5608     1862     24       -5.6568542495e-01    -1.6492422502e+00    191.55      0.9   
6178     5849     1919     28       -5.6568542495e-01    -1.6492422502e+00    191.55      0.9   
6449     6093     1928     22       -5.6568542495e-01    -1.6492422502e+00    191.55      0.9   
6696     6326     1957     24       -5.6568542495e-01    -1.6492422502e+00    191.55      1.0   
6954     6569     2013     24       -5.6568542495e-01    -1.6492422502e+00    191.55      1.0   
7220     6814     2067     26       -5.6568542495e-01    -1.6492422502e+00    191.55      1.0   
7496     7063     2103     25       -5.6568542495e-01    -1.6492422502e+00    191.55      1.0   
7779     7311     2130     30       -5.6568542495e-01    -1.6000000000e+00    182.84      1.1   
8051     7556     2120     30       -5.6568542495e-01    -1.4713415389e+00    160.10      1.1   
8320     7806     2123     29       -5.6568542495e-01    -1.4422205102e+00    154.95      1.1   
8594     8057     2129     28       -5.6568542495e-01    -1.4422205102e+00    154.95      1.2   
8872     8305     2145     22       -5.6568542495e-01    -1.4422205102e+00    154.95      1.2   
9152     8555     2159     15       -5.6568542495e-01    -1.4422205102e+00    154.95      1.2   
9430     8804     2175     29       -5.6568542495e-01    -1.4422205102e+00    154.95      1.3   
9711     9051     2176     26       -5.6568542495e-01    -1.4422205102e+00    154.95      1.3   
9993     9298     2182     9        -5.6568542495e-01    -1.4422205102e+00    154.95      1.3   
10266    9542     2187     26       -5.6568542495e-01    -1.4422205102e+00    154.95      1.3   
10534    9780     2191     22       -5.6568542495e-01    -1.4422205102e+00    154.95      1.4   
10804    10024    2203     26       -5.6568542495e-01    -1.4422205102e+00    154.95      1.4   
11092    10270    2207     26       -5.6568542495e-01    -1.4422205102e+00    154.95      1.4   
11366    10517    2215     17       -5.6568542495e-01    -1.4422205102e+00    154.95      1.5   
11647    10760    2236     19       -5.6568542495e-01    -1.4422205102e+00    154.95      1.5   
11944    11009    2251     24       -5.6568542495e-01    -1.4422205102e+00    154.95      1.5   
12218    11255    2255     24       -5.6568542495e-01    -1.4422205102e+00    154.95      1.6   
12513    11503    2216     27       -5.6568542495e-01    -1.2649110641e+00    123.61      1.6   
12796    11756    2179     20       -5.6568542495e-01    -1.2649110641e+00    123.61      1.6   
13087    12006    2150     29       -5.6568542495e-01    -1.2649110641e+00    123.61      1.6   
13374    12259    2143     18       -5.6568542495e-01    -1.2649110641e+00    123.61      1.7   
13664    12511    2143     22       -5.6568542495e-01    -1.2649110641e+00    123.61      1.7   
13964    12764    2139     25       -5.6568542495e-01    -1.2649110641e+00    123.61      1.7   
14240    13021    2155     25       -5.6568542495e-01    -1.2649110641e+00    123.61      1.8   
14532    13275    2149     30       -5.6568542495e-01    -1.2649110641e+00    123.61      1.8   
14830    13528    2147     23       -5.6568542495e-01    -1.2649110641e+00    123.61      1.8   
15117    13779    2142     23       -5.6568542495e-01    -1.2649110641e+00    123.61      1.9   
15409    14032    2144     22       -5.6568542495e-01    -1.2649110641e+00    123.61      1.9   
15686    14286    2141     31       -5.6568542495e-01    -1.2649110641e+00    123.61      1.9   
15969    14540    2136     23       -5.6568542495e-01    -1.2649110641e+00    123.61      2.0   
16263    14794    2124     25       -5.6568542495e-01    -1.2649110641e+00    123.61      2.0   
16545    15043    2112     21       -5.6568542495e-01    -1.2649110641e+00    123.61      2.0   
16828    15294    2105     21       -5.6568542495e-01    -1.2649110641e+00    123.61      2.0   
17120    15539    2095     28       -5.6568542495e-01    -1.2649110641e+00    123.61      2.1   
17410    15793    2083     19       -5.6568542495e-01    -1.2649110641e+00    123.61      2.1   
17709    16045    2066     25       -5.6568542495e-01    -1.2649110641e+00    123.61      2.1   
17994    16300    2049     23       -5.6568542495e-01    -1.2649110641e+00    123.61      2.1   
18297    16550    2046     27       -5.6568542495e-01    -1.2649110641e+00    123.61      2.2   
18581    16807    2062     26       -5.6568542495e-01    -1.2649110641e+00    123.61      2.2   
18865    17061    2066     29       -5.6568542495e-01    -1.2649110641e+00    123.61      2.2   
19153    17311    2062     21       -5.6568542495e-01    -1.2649110641e+00    123.61      2.3   
19437    17560    2038     29       -5.6568542495e-01    -1.2649110641e+00    123.61      2.3   
19712    17812    2047     27       -5.6568542495e-01    -1.2649110641e+00    123.61      2.3   
19990    18054    2035     30       -5.6568542495e-01    -1.2649110641e+00    123.61      2.3   
20261    18310    2040     29       -5.6568542495e-01    -1.2649110641e+00    123.61      2.4   
20530    18564    2055     26       -5.6568542495e-01    -1.2649110641e+00    123.61      2.4   
20806    18820    2067     25       -5.6568542495e-01    -1.2649110641e+00    123.61      2.4   
21079    19075    2072     27       -5.6568542495e-01    -1.2649110641e+00    123.61      2.5   
21362    19331    2049     28       -5.6568542495e-01    -1.2649110641e+00    123.61      2.5   
21644    19587    2039     31       -5.6568542495e-01    -1.2649110641e+00    123.61      2.5   
21930    19842    2011     26       -5.6568542495e-01    -1.2649110641e+00    123.61      2.6   
22201    20091    1998     7        -5.6568542495e-01    -1.2649110641e+00    123.61      2.6   
22483    20333    1986     21       -5.6568542495e-01    -1.2649110641e+00    123.61      2.6   
22766    20581    1979     17       -5.6568542495e-01    -1.2000000000e+00    112.13      2.6   
23065    20831    1956     19       -5.6568542495e-01    -1.2000000000e+00    112.13      2.7   
23359    21081    1932     20       -5.6568542495e-01    -1.2000000000e+00    112.13      2.7   
23648    21328    1925     13       -5.6568542495e-01    -1.2000000000e+00    112.13      2.7   
23940    21578    1921     23       -5.6568542495e-01    -1.2000000000e+00    112.13      2.8   
24229    21828    1926     22       -5.6568542495e-01    -1.2000000000e+00    112.13      2.8   
24509    22072    1924     21       -5.6568542495e-01    -1.2000000000e+00    112.13      2.8   
24788    22325    1917     26       -5.6568542495e-01    -1.2000000000e+00    112.13      2.8   
25106    22579    1897     18       -5.6568542495e-01    -1.2000000000e+00    112.13      2.9   
25398    22830    1883     25       -5.6568542495e-01    -1.2000000000e+00    112.13      2.9   
25681    23078    1878     16       -5.6568542495e-01    -1.2000000000e+00    112.13      2.9   
25965    23326    1882     10       -5.6568542495e-01    -1.2000000000e+00    112.13      3.0   
26251    23573    1866     26       -5.6568542495e-01    -1.2000000000e+00    112.13      3.0   
26532    23816    1863     17       -5.6568542495e-01    -1.2000000000e+00    112.13      3.0   
26827    24063    1852     19       -5.6568542495e-01    -1.2000000000e+00    112.13      3.0   
27118    24304    1839     19       -5.6568542495e-01    -1.2000000000e+00    112.13      3.1   
27408    24547    1833     18       -5.6568542495e-01    -1.2000000000e+00    112.13      3.1   
27710    24791    1835     17       -5.6568542495e-01    -1.2000000000e+00    112.13      3.1   
27991    25038    1860     22       -5.6568542495e-01    -1.2000000000e+00    112.13      3.2   
28290    25269    1833     27       -5.6568542495e-01    -1.2000000000e+00    112.13      3.2   
28594    25517    1835     28       -5.6568542495e-01    -1.2000000000e+00    112.13      3.2   
28943    25769    1790     26       -5.6568542495e-01    -1.2000000000e+00    112.13      3.2   
29248    26020    1753     19       -5.6568542495e-01    -1.1313708499e+00    100.00      3.3   
29526    26274    1739     14       -5.6568542495e-01    -1.1313708499e+00    100.00      3.3   
29801    26527    1734     15       -5.6568542495e-01    -1.1313708499e+00    100.00      3.3   
30069    26780    1734     28       -5.6568542495e-01    -1.1313708499e+00    100.00      3.3   
30354    27032    1713     25       -5.6568542495e-01    -1.1313708499e+00    100.00      3.4   
30621    27284    1692     19       -5.6568542495e-01    -1.1313708499e+00    100.00      3.4   
30909    27535    1686     27       -5.6568542495e-01    -1.1313708499e+00    100.00      3.4   
31199    27791    1680     30       -5.6568542495e-01    -1.1313708499e+00    100.00      3.5   
31481    28044    1676     25       -5.6568542495e-01    -1.1313708499e+00    100.00      3.5   
31767    28299    1658     24       -5.6568542495e-01    -1.1313708499e+00    100.00      3.5   
32048    28556    1669     21       -5.6568542495e-01    -1.1313708499e+00    100.00      3.5   
32330    28813    1657     18       -5.6568542495e-01    -1.1313708499e+00    100.00      3.6   
32615    29066    1674     23       -5.6568542495e-01    -1.1313708499e+00    100.00      3.6   
32894    29320    1659     27       -5.6568542495e-01    -1.1313708499e+00    100.00      3.6   
33174    29574    1647     21       -5.6568542495e-01    -1.1313708499e+00    100.00      3.7   
33456    29832    1647     24       -5.6568542495e-01    -1.1313708499e+00    100.00      3.7   
33751    30088    1666     21       -5.6568542495e-01    -1.1313708499e+00    100.00      3.7   
34001    30326    1660     24       -5.6568542495e-01    -1.1313708499e+00    100.00      3.7   
34281    30580    1660     31       -5.6568542495e-01    -1.1313708499e+00    100.00      3.8   
34570    30837    1659     27       -5.6568542495e-01    -1.1313708499e+00    100.00      3.8   
34847    31092    1650     31       -5.6568542495e-01    -1.1313708499e+00    100.00      3.8   
35139    31347    1646     29       -5.6568542495e-01    -1.1313708499e+00    100.00      3.8   
35411    31602    1652     31       -5.6568542495e-01    -1.1313708499e+00    100.00      3.9   
35688    31855    1645     26       -5.6568542495e-01    -1.1313708499e+00    100.00      3.9   
35958    32109    1633     16       -5.6568542495e-01    -1.1313708499e+00    100.00      3.9   
36235    32365    1622     21       -5.6568542495e-01    -1.1313708499e+00    100.00      4.0   
36517    32626    1644     32       -5.6568542495e-01    -1.1313708499e+00    100.00      4.0   
36789    32883    1648     30       -5.6568542495e-01    -1.1313708499e+00    100.00      4.0   
37057    33143    1632     29       -5.6568542495e-01    -1.1313708499e+00    100.00      4.0   
37336    33401    1625     21       -5.6568542495e-01    -1.1313708499e+00    100.00      4.1   
37606    33657    1613     25       -5.6568542495e-01    -1.1313708499e+00    100.00      4.1   
37884    33913    1601     27       -5.6568542495e-01    -1.1313708499e+00    100.00      4.1   
38160    34168    1591     28       -5.6568542495e-01    -1.1313708499e+00    100.00      4.2   
38445    34424    1588     26       -5.6568542495e-01    -1.1313708499e+00    100.00      4.2   
38719    34670    1564     31       -5.6568542495e-01    -1.1313708499e+00    100.00      4.2   
39007    34922    1524     26       -5.6568542495e-01    -1.1313708499e+00    100.00      4.3   
39305    35180    1490     19       -5.6568542495e-01    -1.1313708499e+00    100.00      4.3   
39589    35433    1456     24       -5.6568542495e-01    -1.1313708499e+00    100.00      4.3   
39880    35685    1419     31       -5.6568542495e-01    -1.0834831826e+00    91.53       4.3   
40162    35942    1365     26       -5.6568542495e-01    -9.5424723327e-01    68.69       4.4   
40447    36198    1348     20       -5.6568542495e-01    -8.9443000000e-01    58.11       4.4   
40745    36450    1298     18       -5.6568542495e-01    -8.9443000000e-01    58.11       4.4   
41033    36699    1276     12       -5.6568542495e-01    -8.9443000000e-01    58.11       4.5   
41323    36936    1260     22       -5.6568542495e-01    -8.9443000000e-01    58.11       4.5   
41622    37188    1267     22       -5.6568542495e-01    -8.9443000000e-01    58.11       4.5   
41930    37440    1251     19       -5.6568542495e-01    -8.9443000000e-01    58.11       4.5   
42229    37695    1264     25       -5.6568542495e-01    -8.9443000000e-01    58.11       4.6   
42537    37948    1252     25       -5.6568542495e-01    -8.9443000000e-01    58.11       4.6   
42873    38199    1218     28       -5.6568542495e-01    -8.9443000000e-01    58.11       4.6   
43177    38452    1208     20       -5.6568542495e-01    -8.9443000000e-01    58.11       4.6   
43478    38705    1201     22       -5.6568542495e-01    -8.9443000000e-01    58.11       4.7   
43781    38958    1182     20       -5.6568542495e-01    -8.9443000000e-01    58.11       4.7   
44094    39208    1191     19       -5.6568542495e-01    -8.9443000000e-01    58.11       4.7   
44386    39458    1185     23       -5.6568542495e-01    -8.9443000000e-01    58.11       4.8   
44695    39707    1184     16       -5.6568542495e-01    -8.9443000000e-01    58.11       4.8   
45003    39959    1174     21       -5.6568542495e-01    -8.9443000000e-01    58.11       4.8   
45315    40207    1148     25       -5.6568542495e-01    -8.9443000000e-01    58.11       4.8   
45585    40440    1144     26       -5.6568542495e-01    -8.9443000000e-01    58.11       4.9   
45880    40687    1119     29       -5.6568542495e-01    -8.9443000000e-01    58.11       4.9   
46160    40936    1091     15       -5.6568542495e-01    -8.9443000000e-01    58.11       4.9   
46450    41186    1077     29       -5.6568542495e-01    -8.9443000000e-01    58.11       4.9   
46752    41437    1055     19       -5.6568542495e-01    -8.9443000000e-01    58.11       5.0   
47036    41688    1057     19       -5.6568542495e-01    -8.9443000000e-01    58.11       5.0   
47317    41940    1050     30       -5.6568542495e-01    -8.9443000000e-01    58.11       5.0   
47608    42196    1023     25       -5.6568542495e-01    -8.9443000000e-01    58.11       5.0   
47913    42451    988      24       -5.6568542495e-01    -8.9442719100e-01    58.11       5.1   
48197    42707    978      23       -5.6568542495e-01    -8.9442719100e-01    58.11       5.1   
48486    42964    937      31       -5.6568542495e-01    -8.9442719100e-01    58.11       5.1   
48770    43222    917      20       -5.6568542495e-01    -8.9442719100e-01    58.11       5.2   
49055    43481    896      28       -5.6568542495e-01    -8.9442719100e-01    58.11       5.2   
49344    43737    883      21       -5.6568542495e-01    -8.9442719100e-01    58.11       5.2   
49627    43992    860      16       -5.6568542495e-01    -8.9442719100e-01    58.11       5.2   
49897    44247    846      17       -5.6568542495e-01    -8.9442719100e-01    58.11       5.3   
50185    44500    818      27       -5.6568542495e-01    -8.9442719100e-01    58.11       5.3   
50489    44755    798      27       -5.6568542495e-01    -8.9442719100e-01    58.11       5.3   
50787    45012    776      16       -5.6568542495e-01    -8.9442719100e-01    58.11       5.3   
51061    45259    758      27       -5.6568542495e-01    -8.9442719100e-01    58.11       5.4   
51339    45519    744      30       -5.6568542495e-01    -8.9442719100e-01    58.11       5.4   
51631    45777    738      29       -5.6568542495e-01    -8.9442719100e-01    58.11       5.4   
51944    46037    747      19       -5.6568542495e-01    -8.9442719100e-01    58.11       5.5   
52236    46298    747      18       -5.6568542495e-01    -8.9442719100e-01    58.11       5.5   
52535    46557    744      22       -5.6568542495e-01    -8.9442719100e-01    58.11       5.5   
52828    46818    751      24       -5.6568542495e-01    -8.9442719100e-01    58.11       5.5   
53136    47080    737      29       -5.6568542495e-01    -8.9442719100e-01    58.11       5.6   
53446    47340    733      27       -5.6568542495e-01    -8.9442719100e-01    58.11       5.6   
53759    47603    722      14       -5.6568542495e-01    -8.9442719100e-01    58.11       5.6   
54052    47856    715      21       -5.6568542495e-01    -8.9442719100e-01    58.11       5.7   
54345    48116    702      29       -5.6568542495e-01    -8.9442719100e-01    58.11       5.7   
54654    48377    693      27       -5.6568542495e-01    -8.9442719100e-01    58.11       5.7   
54946    48638    679      24       -5.6568542495e-01    -8.9442719100e-01    58.11       5.7   
55250    48899    677      30       -5.6568542495e-01    -8.9442719100e-01    58.11       5.8   
55533    49160    674      27       -5.6568542495e-01    -8.9442719100e-01    58.11       5.8   
55822    49420    659      25       -5.6568542495e-01    -8.9442719100e-01    58.11       5.8   
56110    49682    655      17       -5.6568542495e-01    -8.9442719100e-01    58.11       5.8   
56408    49941    637      30       -5.6568542495e-01    -8.9442719100e-01    58.11       5.9   
56697    50199    634      21       -5.6568542495e-01    -8.9442719100e-01    58.11       5.9   
57007    50458    614      30       -5.6568542495e-01    -8.9442719100e-01    58.11       5.9   
57307    50714    596      20       -5.6568542495e-01    -8.9442719100e-01    58.11       6.0   
57618    50969    573      19       -5.6568542495e-01    -8.9442719100e-01    58.11       6.0   
57887    51224    576      29       -5.6568542495e-01    -8.9442719100e-01    58.11       6.0   
58162    51483    571      31       -5.6568542495e-01    -8.9442719100e-01    58.11       6.0   
58455    51746    564      17       -5.6568542495e-01    -8.9442719100e-01    58.11       6.1   
58753    52005    552      18       -5.6568542495e-01    -8.9442719100e-01    58.11       6.1   
59031    52261    540      26       -5.6568542495e-01    -8.9442719100e-01    58.11       6.1   
59304    52521    541      19       -5.6568542495e-01    -8.9442719100e-01    58.11       6.2   
59580    52780    551      26       -5.6568542495e-01    -8.9442719100e-01    58.11       6.2   
59845    53027    534      31       -5.6568542495e-01    -8.9442719100e-01    58.11       6.2   
60129    53285    524      18       -5.6568542495e-01    -8.9442719100e-01    58.11       6.2   
60411    53542    526      31       -5.6568542495e-01    -8.9442719100e-01    58.11       6.3   
60693    53797    506      29       -5.6568542495e-01    -8.9442719100e-01    58.11       6.3   
60972    54057    501      31       -5.6568542495e-01    -8.9442719100e-01    58.11       6.3   
61253    54318    500      30       -5.6568542495e-01    -8.9442719100e-01    58.11       6.3   
61535    54578    480      19       -5.6568542495e-01    -8.9442719100e-01    58.11       6.4   
61819    54836    484      31       -5.6568542495e-01    -8.9442719100e-01    58.11       6.4   
62108    55093    481      24       -5.6568542495e-01    -8.9442719100e-01    58.11       6.4   
62412    55351    467      14       -5.6568542495e-01    -8.9442719100e-01    58.11       6.5   
62704    55607    467      21       -5.6568542495e-01    -8.9442719100e-01    58.11       6.5   
62992    55867    467      19       -5.6568542495e-01    -8.9442719100e-01    58.11       6.5   
63277    56125    460      21       -5.6568542495e-01    -8.9442719100e-01    58.11       6.5   
63545    56370    454      18       -5.6568542495e-01    -8.9442719100e-01    58.11       6.6   
63836    56629    453      25       -5.6568542495e-01    -8.9442719100e-01    58.11       6.6   
64146    56883    461      22       -5.6568542495e-01    -8.9442719100e-01    58.11       6.6   
64438    57141    441      29       -5.6568542495e-01    -8.9442719100e-01    58.11       6.7   
64737    57394    434      28       -5.6568542495e-01    -8.9442719100e-01    58.11       6.7   
65017    57649    430      27       -5.6568542495e-01    -8.9442719100e-01    58.11       6.7   
65306    57903    413      26       -5.6568542495e-01    -8.9442719100e-01    58.11       6.7   
65609    58156    416      25       -5.6568542495e-01    -8.9442719100e-01    58.11       6.8   
65896    58413    397      31       -5.6568542495e-01    -8.9442719100e-01    58.11       6.8   
66187    58667    386      23       -5.6568542495e-01    -8.9442719100e-01    58.11       6.8   
66463    58922    388      16       -5.6568542495e-01    -8.9442719100e-01    58.11       6.8   
66755    59173    382      21       -5.6568542495e-01    -8.9442719100e-01    58.11       6.9   
67046    59426    377      21       -5.6568542495e-01    -8.9442719100e-01    58.11       6.9   
67349    59684    366      21       -5.6568542495e-01    -8.9442719100e-01    58.11       6.9   
67650    59937    357      24       -5.6568542495e-01    -8.9442719100e-01    58.11       6.9   
67944    60196    355      29       -5.6568542495e-01    -8.9442719100e-01    58.11       7.0   
68236    60455    337      26       -5.6568542495e-01    -8.9442719100e-01    58.11       7.0   
68538    60716    323      22       -5.6568542495e-01    -8.9442719100e-01    58.11       7.0   
68836    60976    325      28       -5.6568542495e-01    -8.9442719100e-01    58.11       7.0   
69140    61233    309      27       -5.6568542495e-01    -8.9442719100e-01    58.11       7.1   
69428    61473    311      25       -5.6568542495e-01    -8.9442719100e-01    58.11       7.1   
69718    61727    299      20       -5.6568542495e-01    -8.9442719100e-01    58.11       7.1   
70007    61963    288      24       -5.6568542495e-01    -8.9442719100e-01    58.11       7.2   
70286    62219    293      27       -5.6568542495e-01    -8.9442719100e-01    58.11       7.2   
70563    62470    292      16       -5.6568542495e-01    -8.9442719100e-01    58.11       7.2   
70847    62720    298      30       -5.6568542495e-01    -8.9442719100e-01    58.11       7.2   
71133    62977    290      27       -5.6568542495e-01    -8.9442719100e-01    58.11       7.3   
71415    63232    276      19       -5.6568542495e-01    -8.9442719100e-01    58.11       7.3   
71688    63467    271      23       -5.6568542495e-01    -8.9442719100e-01    58.11       7.3   
71958    63703    269      27       -5.6568542495e-01    -8.9442719100e-01    58.11       7.3   
72220    63931    273      23       -5.6568542495e-01    -8.9442719100e-01    58.11       7.4   
72489    64175    266      28       -5.6568542495e-01    -8.9442719100e-01    58.11       7.4   
72752    64425    269      25       -5.6568542495e-01    -8.9442719100e-01    58.11       7.4   
73014    64662    269      30       -5.6568542495e-01    -8.9442719100e-01    58.11       7.4   
73277    64900    262      24       -5.6568542495e-01    -8.9442719100e-01    58.11       7.5   
73535    65138    256      22       -5.6568542495e-01    -8.9442719100e-01    58.11       7.5   
73787    65365    250      24       -5.6568542495e-01    -8.9442719100e-01    58.11       7.5   
74033    65585    244      17       -5.6568542495e-01    -8.9442719100e-01    58.11       7.5   
74273    65796    244      26       -5.6568542495e-01    -8.9442719100e-01    58.11       7.6   
74513    66011    232      22       -5.6568542495e-01    -8.9442719100e-01    58.11       7.6   
74741    66200    228      29       -5.6568542495e-01    -8.9442719100e-01    58.11       7.6   
74969    66400    220      26       -5.6568542495e-01    -8.9442719100e-01    58.11       7.6   
75185    66596    214      24       -5.6568542495e-01    -8.9442719100e-01    58.11       7.7   
75395    66783    218      28       -5.6568542495e-01    -8.9442719100e-01    58.11       7.7   
75611    66963    208      32       -5.6568542495e-01    -8.9442719100e-01    58.11       7.7   
75815    67143    214      13       -5.6568542495e-01    -8.9442719100e-01    58.11       7.7   
76025    67327    210      27       -5.6568542495e-01    -8.9442719100e-01    58.11       7.7   
76235    67506    212      30       -5.6568542495e-01    -8.9442719100e-01    58.11       7.8   
76445    67684    194      21       -5.6568542495e-01    -8.9442719100e-01    58.11       7.8   
76637    67845    192      29       -5.6568542495e-01    -8.9442719100e-01    58.11       7.8   
76829    68011    200      24       -5.6568542495e-01    -8.9442719100e-01    58.11       7.8   
77027    68185    194      28       -5.6568542495e-01    -8.9442719100e-01    58.11       7.8   
77219    68349    184      19       -5.6568542495e-01    -8.9442719100e-01    58.11       7.8   
77399    68518    174      13       -5.6568542495e-01    -8.9442719100e-01    58.11       7.9   
77573    68678    178      29       -5.6568542495e-01    -8.9442719100e-01    58.11       7.9   
77747    68835    178      21       -5.6568542495e-01    -8.9442719100e-01    58.11       7.9   
77921    68998    182      22       -5.6568542495e-01    -8.9442719100e-01    58.11       7.9   
78101    69163    178      23       -5.6568542495e-01    -8.9442719100e-01    58.11       7.9   
78275    69311    184      32       -5.6568542495e-01    -8.9442719100e-01    58.11       7.9   
78455    69468    188      24       -5.6568542495e-01    -8.9442719100e-01    58.11       8.0   
78641    69641    194      26       -5.6568542495e-01    -8.9442719100e-01    58.11       8.0   
78833    69819    208      32       -5.6568542495e-01    -8.9442719100e-01    58.11       8.0   
79037    70007    200      31       -5.6568542495e-01    -8.9442719100e-01    58.11       8.0   
79235    70186    212      22       -5.6568542495e-01    -8.9442719100e-01    58.11       8.0   
79445    70393    210      21       -5.6568542495e-01    -8.9442719100e-01    58.11       8.0   
79655    70592    220      26       -5.6568542495e-01    -8.9442719100e-01    58.11       8.1   
79871    70791    228      28       -5.6568542495e-01    -8.9442719100e-01    58.11       8.1   
80099    70996    212      24       -5.6568542495e-01    -8.9442719100e-01    58.11       8.1   
80309    71185    210      30       -5.6568542495e-01    -8.9442719100e-01    58.11       8.1   
80519    71376    202      29       -5.6568542495e-01    -8.9442719100e-01    58.11       8.2   
80717    71553    180      27       -5.6568542495e-01    -8.9442719100e-01    58.11       8.2   
80897    71722    184      25       -5.6568542495e-01    -8.9442719100e-01    58.11       8.2   
81077    71890    190      31       -5.6568542495e-01    -8.9442719100e-01    58.11       8.2   
81263    72059    186      28       -5.6568542495e-01    -8.9442719100e-01    58.11       8.2   
81449    72237    198      20       -5.6568542495e-01    -8.9442719100e-01    58.11       8.2   
81647    72411    186      22       -5.6568542495e-01    -8.9442719100e-01    58.11       8.3   
81833    72577    182      22       -5.6568542495e-01    -8.9442719100e-01    58.11       8.3   
82013    72737    188      28       -5.6568542495e-01    -8.9442719100e-01    58.11       8.3   
82199    72881    172      29       -5.6568542495e-01    -8.9442719100e-01    58.11       8.3   
82367    73026    170      23       -5.6568542495e-01    -8.9442719100e-01    58.11       8.3   
82535    73155    164      27       -5.6568542495e-01    -8.9442719100e-01    58.11       8.3   
82697    73303    166      29       -5.6568542495e-01    -8.9442719100e-01    58.11       8.4   
82859    73442    158      20       -5.6568542495e-01    -8.9442719100e-01    58.11       8.4   
83015    73580    156      24       -5.6568542495e-01    -8.9442719100e-01    58.11       8.4   
83171    73723    166      23       -5.6568542495e-01    -8.9442719100e-01    58.11       8.4   
83333    73870    150      12       -5.6568542495e-01    -8.9442719100e-01    58.11       8.4   
83483    74014    162      26       -5.6568542495e-01    -8.9442719100e-01    58.11       8.4   
83645    74164    158      30       -5.6568542495e-01    -8.9442719100e-01    58.11       8.5   
83801    74303    148      19       -5.6568542495e-01    -8.9442719100e-01    58.11       8.5   
83945    74430    152      21       -5.6568542495e-01    -8.9442719100e-01    58.11       8.5   
84095    74559    152      27       -5.6568542495e-01    -8.9442719100e-01    58.11       8.5   
84245    74691    148      27       -5.6568542495e-01    -8.9442719100e-01    58.11       8.5   
84389    74820    152      21       -5.6568542495e-01    -8.9442719100e-01    58.11       8.5   
84539    74943    148      23       -5.6568542495e-01    -8.9442719100e-01    58.11       8.5   
84683    75068    150      17       -5.6568542495e-01    -8.9442719100e-01    58.11       8.5   
84833    75203    152      21       -5.6568542495e-01    -8.9442719100e-01    58.11       8.6   
84983    75330    152      29       -5.6568542495e-01    -8.9442719100e-01    58.11       8.6   
85133    75467    148      31       -5.6568542495e-01    -8.9442719100e-01    58.11       8.6   
85277    75604    144      31       -5.6568542495e-01    -8.9442719100e-01    58.11       8.6   
85421    75734    150      26       -5.6568542495e-01    -8.9442719100e-01    58.11       8.6   
85571    75866    152      18       -5.6568542495e-01    -8.9442719100e-01    58.11       8.6   
85721    76007    150      29       -5.6568542495e-01    -8.9442719100e-01    58.11       8.6   
85871    76153    154      25       -5.6568542495e-01    -8.9442719100e-01    58.11       8.7   
86021    76291    164      27       -5.6568542495e-01    -8.9442719100e-01    58.11       8.7   
86183    76444    162      30       -5.6568542495e-01    -8.9442719100e-01    58.11       8.7   
86345    76588    150      14       -5.6568542495e-01    -8.9442719100e-01    58.11       8.7   
86495    76728    158      19       -5.6568542495e-01    -8.9442719100e-01    58.11       8.7   
86651    76865    160      21       -5.6568542495e-01    -8.9442719100e-01    58.11       8.7   
86807    77007    150      25       -5.6568542495e-01    -8.9442719100e-01    58.11       8.8   
86957    77140    142      31       -5.6568542495e-01    -8.9442719100e-01    58.11       8.8   
87095    77267    142      27       -5.6568542495e-01    -8.9442719100e-01    58.11       8.8   
87233    77394    146      23       -5.6568542495e-01    -8.9442719100e-01    58.11       8.8   
87377    77525    134      20       -5.6568542495e-01    -8.9442719100e-01    58.11       8.8   
87509    77642    146      28       -5.6568542495e-01    -8.9442719100e-01    58.11       8.8   
87653    77773    156      24       -5.6568542495e-01    -8.9442719100e-01    58.11       8.8   
87809    77915    154      27       -5.6568542495e-01    -8.9442719100e-01    58.11       8.8   
87959    78050    146      17       -5.6568542495e-01    -8.9442719100e-01    58.11       8.9   
88103    78188    144      28       -5.6568542495e-01    -8.9442719100e-01    58.11       8.9   
88247    78323    142      32       -5.6568542495e-01    -8.9442719100e-01    58.11       8.9   
88385    78444    136      20       -5.6568542495e-01    -8.9442719100e-01    58.11       8.9   
88517    78553    118      27       -5.6568542495e-01    -8.9442719100e-01    58.11       8.9   
88631    78658    124      17       -5.6568542495e-01    -8.9442719100e-01    58.11       8.9   
88751    78769    124      31       -5.6568542495e-01    -8.9442719100e-01    58.11       8.9   
88871    78881    128      20       -5.6568542495e-01    -8.9442719100e-01    58.11       8.9   
88997    79002    136      22       -5.6568542495e-01    -8.9442719100e-01    58.11       9.0   
89129    79130    132      22       -5.6568542495e-01    -8.9442719100e-01    58.11       9.0   
89261    79252    126      22       -5.6568542495e-01    -8.9442719100e-01    58.11       9.0   
89387    79376    122      28       -5.6568542495e-01    -8.9442719100e-01    58.11       9.0   
89507    79493    120      24       -5.6568542495e-01    -8.9442719100e-01    58.11       9.0   
89627    79594    114      25       -5.6568542495e-01    -8.9442719100e-01    58.11       9.0   
89741    79695    106      18       -5.6568542495e-01    -8.9442719100e-01    58.11       9.0   
89843    79789    108      23       -5.6568542495e-01    -8.9442719100e-01    58.11       9.0   
89951    79896    114      23       -5.6568542495e-01    -8.9442719100e-01    58.11       9.0   
90065    80009    114      29       -5.6568542495e-01    -8.9442719100e-01    58.11       9.1   
90179    80121    120      29       -5.6568542495e-01    -8.9442719100e-01    58.11       9.1   
90299    80236    124      26       -5.6568542495e-01    -8.9442719100e-01    58.11       9.1   
90419    80347    104      29       -5.6568542495e-01    -8.9442719100e-01    58.11       9.1   
90521    80440    104      25       -5.6568542495e-01    -8.9442719100e-01    58.11       9.1   
90623    80533    96       24       -5.6568542495e-01    -8.9442719100e-01    58.11       9.1   
90719    80618    96       24       -5.6568542495e-01    -8.9442719100e-01    58.11       9.1   
90815    80709    102      26       -5.6568542495e-01    -8.9442719100e-01    58.11       9.1   
90917    80810    96       30       -5.6568542495e-01    -8.9442719100e-01    58.11       9.1   
91013    80899    90       31       -5.6568542495e-01    -8.9442719100e-01    58.11       9.2   
91103    80980    82       29       -5.6568542495e-01    -8.9442719100e-01    58.11       9.2   
91181    81047    78       19       -5.6568542495e-01    -8.0000000000e-01    41.42       9.2   
91259    81114    78       20       -5.6568542495e-01    -8.0000000000e-01    41.42       9.2   
91337    81177    78       20       -5.6568542495e-01    -8.0000000000e-01    41.42       9.2   
91415    81246    80       13       -5.6568542495e-01    -8.0000000000e-01    41.42       9.2   
91493    81308    82       26       -5.6568542495e-01    -8.0000000000e-01    41.42       9.2   
91571    81368    72       14       -5.6568542495e-01    -8.0000000000e-01    41.42       9.2   
91643    81434    74       21       -5.6568542495e-01    -8.0000000000e-01    41.42       9.2   
91715    81496    66       19       -5.6568542495e-01    -8.0000000000e-01    41.42       9.2   
91781    81555    64       18       -5.6568542495e-01    -8.0000000000e-01    41.42       9.2   
91841    81612    60       18       -5.6568542495e-01    -8.0000000000e-01    41.42       9.2   
91901    81669    60       15       -5.6568542495e-01    -8.0000000000e-01    41.42       9.2   
91961    81717    56       24       -5.6568542495e-01    -8.0000000000e-01    41.42       9.2   
92015    81763    60       21       -5.6568542495e-01    -8.0000000000e-01    41.42       9.2   
92075    81816    58       20       -5.6568542495e-01    -8.0000000000e-01    41.42       9.3   
92129    81861    58       14       -5.6568542495e-01    -8.0000000000e-01    41.42       9.3   
92183    81901    52       18       -5.6568542495e-01    -8.0000000000e-01    41.42       9.3   
92231    81941    58       13       -5.6568542495e-01    -8.0000000000e-01    41.42       9.3   
92285    81990    56       26       -5.6568542495e-01    -8.0000000000e-01    41.42       9.3   
92339    82040    52       14       -5.6568542495e-01    -8.0000000000e-01    41.42       9.3   
92387    82083    50       14       -5.6568542495e-01    -8.0000000000e-01    41.42       9.3   
92435    82126    56       22       -5.6568542495e-01    -8.0000000000e-01    41.42       9.3   
92489    82173    52       24       -5.6568542495e-01    -8.0000000000e-01    41.42       9.3   
92537    82217    54       23       -5.6568542495e-01    -8.0000000000e-01    41.42       9.3   
92591    82264    54       17       -5.6568542495e-01    -8.0000000000e-01    41.42       9.3   
92645    82314    54       12       -5.6568542495e-01    -8.0000000000e-01    41.42       9.3   
92699    82363    54       17       -5.6568542495e-01    -8.0000000000e-01    41.42       9.3   
92753    82409    56       25       -5.6568542495e-01    -8.0000000000e-01    41.42       9.3   
92807    82459    50       12       -5.6568542495e-01    -8.0000000000e-01    41.42       9.3   
92855    82503    52       17       -5.6568542495e-01    -8.0000000000e-01    41.42       9.3   
92903    82548    50       18       -5.6568542495e-01    -8.0000000000e-01    41.42       9.3   
92951    82588    50       14       -5.6568542495e-01    -8.0000000000e-01    41.42       9.3   
92999    82633    48       16       -5.6568542495e-01    -8.0000000000e-01    41.42       9.3   
93047    82677    50       19       -5.6568542495e-01    -8.0000000000e-01    41.42       9.3   
93095    82718    46       10       -5.6568542495e-01    -8.0000000000e-01    41.42       9.3   
93137    82756    48       18       -5.6568542495e-01    -8.0000000000e-01    41.42       9.3   
93185    82802    44       23       -5.6568542495e-01    -8.0000000000e-01    41.42       9.4   
93227    82841    48       17       -5.6568542495e-01    -8.0000000000e-01    41.42       9.4   
93275    82883    50       18       -5.6568542495e-01    -8.0000000000e-01    41.42       9.4   
93323    82920    46       18       -5.6568542495e-01    -8.0000000000e-01    41.42       9.4   
93365    82957    48       9        -5.6568542495e-01    -8.0000000000e-01    41.42       9.4   
93413    83001    46       14       -5.6568542495e-01    -8.0000000000e-01    41.42       9.4   
93455    83041    48       18       -5.6568542495e-01    -8.0000000000e-01    41.42       9.4   
93503    83082    46       18       -5.6568542495e-01    -8.0000000000e-01    41.42       9.4   
93545    83118    46       20       -5.6568542495e-01    -8.0000000000e-01    41.42       9.4   
93587    83151    46       18       -5.6568542495e-01    -8.0000000000e-01    41.42       9.4   
93629    83188    42       17       -5.6568542495e-01    -8.0000000000e-01    41.42       9.4   
93671    83227    44       20       -5.6568542495e-01    -8.0000000000e-01    41.42       9.4   
93713    83266    42       9        -5.6568542495e-01    -8.0000000000e-01    41.42       9.4   
93755    83299    40       21       -5.6568542495e-01    -8.0000000000e-01    41.42       9.4   
93791    83333    44       10       -5.6568542495e-01    -8.0000000000e-01    41.42       9.4   
93833    83370    42       11       -5.6568542495e-01    -8.0000000000e-01    41.42       9.4   
93875    83407    42       20       -5.6568542495e-01    -8.0000000000e-01    41.42       9.4   
93917    83445    38       9        -5.6568542495e-01    -8.0000000000e-01    41.42       9.4   
93953    83476    44       20       -5.6568542495e-01    -8.0000000000e-01    41.42       9.4   
93995    83513    44       12       -5.6568542495e-01    -8.0000000000e-01    41.42       9.4   
94037    83552    46       16       -5.6568542495e-01    -8.0000000000e-01    41.42       9.4   
94079    83591    42       17       -5.6568542495e-01    -8.0000000000e-01    41.42       9.4   
94121    83631    50       16       -5.6568542495e-01    -8.0000000000e-01    41.42       9.4   
94169    83673    48       18       -5.6568542495e-01    -8.0000000000e-01    41.42       9.5   
94217    83714    44       17       -5.6568542495e-01    -8.0000000000e-01    41.42       9.5   
94259    83751    50       22       -5.6568542495e-01    -8.0000000000e-01    41.42       9.5   
94307    83797    52       17       -5.6568542495e-01    -8.0000000000e-01    41.42       9.5   
94355    83841    54       21       -5.6568542495e-01    -8.0000000000e-01    41.42       9.5   
94409    83889    50       20       -5.6568542495e-01    -8.0000000000e-01    41.42       9.5   
94457    83925    46       14       -5.6568542495e-01    -8.0000000000e-01    41.42       9.5   
94499    83962    46       19       -5.6568542495e-01    -8.0000000000e-01    41.42       9.5   
94541    83998    46       14       -5.6568542495e-01    -8.0000000000e-01    41.42       9.5   
94583    84033    48       15       -5.6568542495e-01    -8.0000000000e-01    41.42       9.5   
94631    84075    48       19       -5.6568542495e-01    -8.0000000000e-01    41.42       9.5   
94679    84114    48       22       -5.6568542495e-01    -8.0000000000e-01    41.42       9.5   
94727    84151    42       22       -5.6568542495e-01    -8.0000000000e-01    41.42       9.5   
94769    84189    36       22       -5.6568542495e-01    -8.0000000000e-01    41.42       9.5   
94805    84220    40       21       -5.6568542495e-01    -8.0000000000e-01    41.42       9.5   
94841    84250    38       15       -5.6568542495e-01    -8.0000000000e-01    41.42       9.5   
94877    84283    42       20       -5.6568542495e-01    -8.0000000000e-01    41.42       9.5   
94919    84324    42       18       -5.6568542495e-01    -8.0000000000e-01    41.42       9.5   
94961    84364    38       20       -5.6568542495e-01    -8.0000000000e-01    41.42       9.5   
94997    84396    40       21       -5.6568542495e-01    -8.0000000000e-01    41.42       9.5   
95033    84428    38       10       -5.6568542495e-01    -8.0000000000e-01    41.42       9.5   
95069    84458    40       15       -5.6568542495e-01    -8.0000000000e-01    41.42       9.5   
95105    84491    44       18       -5.6568542495e-01    -8.0000000000e-01    41.42       9.5   
95147    84528    40       20       -5.6568542495e-01    -8.0000000000e-01    41.42       9.5   
95183    84559    44       21       -5.6568542495e-01    -8.0000000000e-01    41.42       9.5   
95225    84590    42       12       -5.6568542495e-01    -8.0000000000e-01    41.42       9.5   
95267    84621    44       20       -5.6568542495e-01    -8.0000000000e-01    41.42       9.5   
95309    84647    38       20       -5.6568542495e-01    -8.0000000000e-01    41.42       9.5   
95345    84676    44       21       -5.6568542495e-01    -8.0000000000e-01    41.42       9.6   
95387    84709    42       22       -5.6568542495e-01    -8.0000000000e-01    41.42       9.6   
95429    84739    34       13       -5.6568542495e-01    -8.0000000000e-01    41.42       9.6   
95459    84768    38       16       -5.6568542495e-01    -8.0000000000e-01    41.42       9.6   
95495    84802    40       20       -5.6568542495e-01    -8.0000000000e-01    41.42       9.6   
95531    84830    46       14       -5.6568542495e-01    -8.0000000000e-01    41.42       9.6   
95573    84867    48       18       -5.6568542495e-01    -8.0000000000e-01    41.42       9.6   
95621    84908    40       22       -5.6568542495e-01    -8.0000000000e-01    41.42       9.6   
95657    84938    38       17       -5.6568542495e-01    -8.0000000000e-01    41.42       9.6   
95693    84970    36       22       -5.6568542495e-01    -8.0000000000e-01    41.42       9.6   
95729    85006    36       11       -5.6568542495e-01    -8.0000000000e-01    41.42       9.6   
95765    85040    40       24       -5.6568542495e-01    -8.0000000000e-01    41.42       9.6   
95801    85073    36       16       -5.6568542495e-01    -8.0000000000e-01    41.42       9.6   
95837    85105    42       23       -5.6568542495e-01    -8.0000000000e-01    41.42       9.6   
95879    85141    36       14       -5.6568542495e-01    -8.0000000000e-01    41.42       9.6   
95915    85174    40       19       -5.6568542495e-01    -8.0000000000e-01    41.42       9.6   
95951    85207    38       13       -5.6568542495e-01    -8.0000000000e-01    41.42       9.6   
95987    85239    38       17       -5.6568542495e-01    -8.0000000000e-01    41.42       9.6   
96023    85275    42       21       -5.6568542495e-01    -8.0000000000e-01    41.42       9.6   
96065    85314    42       23       -5.6568542495e-01    -8.0000000000e-01    41.42       9.6   
96107    85351    40       23       -5.6568542495e-01    -8.0000000000e-01    41.42       9.6   
96143    85382    36       24       -5.6568542495e-01    -8.0000000000e-01    41.42       9.6   
96179    85415    42       23       -5.6568542495e-01    -8.0000000000e-01    41.42       9.6   
96221    85454    42       23       -5.6568542495e-01    -8.0000000000e-01    41.42       9.6   
96263    85491    36       23       -5.6568542495e-01    -8.0000000000e-01    41.42       9.6   
96299    85521    36       18       -5.6568542495e-01    -8.0000000000e-01    41.42       9.7   
96335    85553    38       20       -5.6568542495e-01    -8.0000000000e-01    41.42       9.7   
96371    85588    32       18       -5.6568542495e-01    -8.0000000000e-01    41.42       9.7   
96401    85612    32       17       -5.6568542495e-01    -8.0000000000e-01    41.42       9.7   
96431    85637    34       20       -5.6568542495e-01    -8.0000000000e-01    41.42       9.7   
96461    85662    36       21       -5.6568542495e-01    -8.0000000000e-01    41.42       9.7   
96497    85694    34       20       -5.6568542495e-01    -8.0000000000e-01    41.42       9.7   
96527    85720    38       22       -5.6568542495e-01    -8.0000000000e-01    41.42       9.7   
96563    85754    36       10       -5.6568542495e-01    -8.0000000000e-01    41.42       9.7   
96599    85788    38       14       -5.6568542495e-01    -8.0000000000e-01    41.42       9.7   
96635    85823    38       18       -5.6568542495e-01    -8.0000000000e-01    41.42       9.7   
96671    85857    36       18       -5.6568542495e-01    -8.0000000000e-01    41.42       9.7   
96707    85890    36       19       -5.6568542495e-01    -8.0000000000e-01    41.42       9.7   
96743    85923    36       23       -5.6568542495e-01    -8.0000000000e-01    41.42       9.7   
96779    85958    38       18       -5.6568542495e-01    -8.0000000000e-01    41.42       9.7   
96815    85991    36       19       -5.6568542495e-01    -8.0000000000e-01    41.42       9.7   
96851    86021    36       22       -5.6568542495e-01    -8.0000000000e-01    41.42       9.7   
96887    86054    38       17       -5.6568542495e-01    -8.0000000000e-01    41.42       9.7   
96923    86086    36       21       -5.6568542495e-01    -8.0000000000e-01    41.42       9.7   
96959    86120    30       20       -5.6568542495e-01    -8.0000000000e-01    41.42       9.7   
96989    86146    28       23       -5.6568542495e-01    -8.0000000000e-01    41.42       9.7   
97013    86168    32       20       -5.6568542495e-01    -8.0000000000e-01    41.42       9.7   
97043    86196    32       21       -5.6568542495e-01    -8.0000000000e-01    41.42       9.7   
97073    86226    36       24       -5.6568542495e-01    -8.0000000000e-01    41.42       9.7   
97109    86258    26       19       -5.6568542495e-01    -8.0000000000e-01    41.42       9.7   
97133    86278    30       21       -5.6568542495e-01    -8.0000000000e-01    41.42       9.7   
97163    86306    32       24       -5.6568542495e-01    -8.0000000000e-01    41.42       9.7   
97193    86335    34       23       -5.6568542495e-01    -8.0000000000e-01    41.42       9.7   
97223    86362    38       16       -5.6568542495e-01    -8.0000000000e-01    41.42       9.7   
97259    86396    34       19       -5.6568542495e-01    -8.0000000000e-01    41.42       9.8   
97289    86423    34       22       -5.6568542495e-01    -8.0000000000e-01    41.42       9.8   
97319    86451    30       23       -5.6568542495e-01    -8.0000000000e-01    41.42       9.8   
97349    86477    26       17       -5.6568542495e-01    -8.0000000000e-01    41.42       9.8   
97373    86499    28       21       -5.6568542495e-01    -8.0000000000e-01    41.42       9.8   
97397    86521    34       15       -5.6568542495e-01    -8.0000000000e-01    41.42       9.8   
97427    86549    34       18       -5.6568542495e-01    -8.0000000000e-01    41.42       9.8   
97457    86574    32       16       -5.6568542495e-01    -8.0000000000e-01    41.42       9.8   
97487    86601    30       16       -5.6568542495e-01    -8.0000000000e-01    41.42       9.8   
97517    86628    30       16       -5.6568542495e-01    -8.0000000000e-01    41.42       9.8   
97547    86656    30       18       -5.6568542495e-01    -8.0000000000e-01    41.42       9.8   
97577    86684    32       15       -5.6568542495e-01    -8.0000000000e-01    41.42       9.8   
97607    86713    36       18       -5.6568542495e-01    -8.0000000000e-01    41.42       9.8   
97643    86745    36       18       -5.6568542495e-01    -8.0000000000e-01    41.42       9.8   
97679    86774    32       21       -5.6568542495e-01    -8.0000000000e-01    41.42       9.8   
97709    86802    30       19       -5.6568542495e-01    -8.0000000000e-01    41.42       9.8   
97739    86829    36       19       -5.6568542495e-01    -8.0000000000e-01    41.42       9.8   
97775    86860    28       20       -5.6568542495e-01    -8.0000000000e-01    41.42       9.8   
97799    86882    26       21       -5.6568542495e-01    -8.0000000000e-01    41.42       9.8   
97823    86904    24       15       -5.6568542495e-01    -8.0000000000e-01    41.42       9.8   
97847    86925    24       17       -5.6568542495e-01    -8.0000000000e-01    41.42       9.8   
97871    86947    28       19       -5.6568542495e-01    -8.0000000000e-01    41.42       9.8   
97895    86969    26       21       -5.6568542495e-01    -8.0000000000e-01    41.42       9.8   
97919    86989    24       24       -5.6568542495e-01    -8.0000000000e-01    41.42       9.8   
97943    87013    24       20       -5.6568542495e-01    -8.0000000000e-01    41.42       9.8   
97967    87037    32       19       -5.6568542495e-01    -8.0000000000e-01    41.42       9.8   
97997    87066    34       16       -5.6568542495e-01    -8.0000000000e-01    41.42       9.8   
98027    87094    30       18       -5.6568542495e-01    -8.0000000000e-01    41.42       9.8   
98057    87121    30       14       -5.6568542495e-01    -8.0000000000e-01    41.42       9.8   
98087    87149    30       17       -5.6568542495e-01    -8.0000000000e-01    41.42       9.8   
98117    87175    26       17       -5.6568542495e-01    -8.0000000000e-01    41.42       9.8   
98141    87197    28       15       -5.6568542495e-01    -8.0000000000e-01    41.42       9.8   
98165    87219    34       17       -5.6568542495e-01    -8.0000000000e-01    41.42       9.8   
98195    87246    32       18       -5.6568542495e-01    -8.0000000000e-01    41.42       9.8   
98225    87273    34       22       -5.6568542495e-01    -8.0000000000e-01    41.42       9.8   
98255    87298    30       19       -5.6568542495e-01    -8.0000000000e-01    41.42       9.8   
98285    87324    28       18       -5.6568542495e-01    -8.0000000000e-01    41.42       9.8   
98309    87344    28       19       -5.6568542495e-01    -8.0000000000e-01    41.42       9.8   
98333    87367    26       14       -5.6568542495e-01    -8.0000000000e-01    41.42       9.8   
98357    87387    26       18       -5.6568542495e-01    -8.0000000000e-01    41.42       9.8   
98381    87409    24       20       -5.6568542495e-01    -8.0000000000e-01    41.42       9.8   
98405    87433    28       19       -5.6568542495e-01    -8.0000000000e-01    41.42       9.9   
98429    87452    28       17       -5.6568542495e-01    -8.0000000000e-01    41.42       9.9   
98453    87475    32       19       -5.6568542495e-01    -8.0000000000e-01    41.42       9.9   
98483    87502    28       14       -5.6568542495e-01    -8.0000000000e-01    41.42       9.9   
98507    87524    34       19       -5.6568542495e-01    -8.0000000000e-01    41.42       9.9   
98537    87554    30       20       -5.6568542495e-01    -8.0000000000e-01    41.42       9.9   
98567    87582    30       11       -5.6568542495e-01    -8.0000000000e-01    41.42       9.9   
98597    87608    24       16       -5.6568542495e-01    -8.0000000000e-01    41.42       9.9   
98621    87628    32       17       -5.6568542495e-01    -8.0000000000e-01    41.42       9.9   
98651    87658    38       20       -5.6568542495e-01    -8.0000000000e-01    41.42       9.9   
98687    87691    42       20       -5.6568542495e-01    -8.0000000000e-01    41.42       9.9   
98729    87730    36       20       -5.6568542495e-01    -8.0000000000e-01    41.42       9.9   
98765    87765    34       21       -5.6568542495e-01    -8.0000000000e-01    41.42       9.9   
98795    87792    36       20       -5.6568542495e-01    -8.0000000000e-01    41.42       9.9   
98831    87821    32       18       -5.6568542495e-01    -8.0000000000e-01    41.42       9.9   
98861    87847    28       21       -5.6568542495e-01    -8.0000000000e-01    41.42       9.9   
98885    87869    20       22       -5.6568542495e-01    -8.0000000000e-01    41.42       9.9   
98903    87885    24       17       -5.6568542495e-01    -8.0000000000e-01    41.42       9.9   
98927    87908    24       20       -5.6568542495e-01    -8.0000000000e-01    41.42       9.9   
98951    87930    24       16       -5.6568542495e-01    -8.0000000000e-01    41.42       9.9   
98975    87954    32       21       -5.6568542495e-01    -8.0000000000e-01    41.42       9.9   
99005    87981    28       21       -5.6568542495e-01    -8.0000000000e-01    41.42       9.9   
99029    88002    26       21       -5.6568542495e-01    -8.0000000000e-01    41.42       9.9   
99053    88023    28       23       -5.6568542495e-01    -8.0000000000e-01    41.42       9.9   
99077    88043    24       21       -5.6568542495e-01    -8.0000000000e-01    41.42       9.9   
99101    88063    24       19       -5.6568542495e-01    -8.0000000000e-01    41.42       9.9   
99125    88081    26       22       -5.6568542495e-01    -8.0000000000e-01    41.42       9.9   
99149    88101    24       21       -5.6568542495e-01    -8.0000000000e-01    41.42       9.9   
99173    88120    26       18       -5.6568542495e-01    -8.0000000000e-01    41.42       9.9   
99197    88144    30       20       -5.6568542495e-01    -8.0000000000e-01    41.42       9.9   
99227    88167    26       22       -5.6568542495e-01    -8.0000000000e-01    41.42       9.9   
99251    88190    30       20       -5.6568542495e-01    -8.0000000000e-01    41.42       9.9   
99281    88216    34       19       -5.6568542495e-01    -8.0000000000e-01    41.42       9.9   
99311    88243    28       22       -5.6568542495e-01    -8.0000000000e-01    41.42       9.9   
99335    88264    28       22       -5.6568542495e-01    -8.0000000000e-01    41.42       9.9   
99359    88284    26       22       -5.6568542495e-01    -8.0000000000e-01    41.42       9.9   
99383    88306    26       24       -5.6568542495e-01    -8.0000000000e-01    41.42       9.9   
99407    88326    30       22       -5.6568542495e-01    -8.0000000000e-01    41.42       10.0  
99437    88353    30       24       -5.6568542495e-01    -8.0000000000e-01    41.42       10.0  
99467    88376    26       19       -5.6568542495e-01    -8.0000000000e-01    41.42       10.0  
99491    88395    24       21       -5.6568542495e-01    -8.0000000000e-01    41.42       10.0  
99515    88415    26       22       -5.6568542495e-01    -8.0000000000e-01    41.42       10.0  
99539    88437    22       21       -5.6568542495e-01    -8.0000000000e-01    41.42       10.0  
99557    88455    32       23       -5.6568542495e-01    -8.0000000000e-01    41.42       10.0  
99587    88482    28       17       -5.6568542495e-01    -8.0000000000e-01    41.42       10.0  
99611    88503    30       22       -5.6568542495e-01    -8.0000000000e-01    41.42       10.0  
99639    88521    24       22       -5.6568542495e-01    -8.0000000000e-01    41.42       10.0  
99663    88542    30       23       -5.6568542495e-01    -8.0000000000e-01    41.42       10.0  
99693    88572    30       23       -5.6568542495e-01    -8.0000000000e-01    41.42       10.0  
99723    88602    28       24       -5.6568542495e-01    -8.0000000000e-01    41.42       10.0  
99747    88625    20       28       -5.6568542495e-01    -8.0000000000e-01    41.42       10.0  
99765    88640    16       26       -5.6568542495e-01    -8.0000000000e-01    41.42       10.0  
99777    88652    22       22       -5.6568542495e-01    -8.0000000000e-01    41.42       10.0  
99795    88669    24       25       -5.6568542495e-01    -8.0000000000e-01    41.42       10.0  
99819    88691    28       28       -5.6568542495e-01    -8.0000000000e-01    41.42       10.0  
99843    88715    28       27       -5.6568542495e-01    -8.0000000000e-01    41.42       10.0  
99867    88738    30       22       -5.6568542495e-01    -8.0000000000e-01    41.42       10.0  
99897    88767    22       24       -5.6568542495e-01    -8.0000000000e-01    41.42       10.0  
99915    88785    22       15       -5.6568542495e-01    -8.0000000000e-01    41.42       10.0  
99933    88800    18       17       -5.6568542495e-01    -8.0000000000e-01    41.42       10.0  
99951    88818    22       18       -5.6568542495e-01    -8.0000000000e-01    41.42       10.0  
99969    88835    22       20       -5.6568542495e-01    -8.0000000000e-01    41.42       10.0  
99987    88852    24       19       -5.6568542495e-01    -8.0000000000e-01    41.42       10.0  
100011   88873    20       21       -5.6568542495e-01    -8.0000000000e-01    41.42       10.0  
100028   88887    15       20       -5.6568542495e-01    -8.0000000000e-01    41.42       10.0  
100040   88899    19       21       -5.6568542495e-01    -8.0000000000e-01    41.42       10.0  
100058   88915    19       20       -5.6568542495e-01    -8.0000000000e-01    41.42       10.0  
100076   88931    15       22       -5.6568542495e-01    -8.0000000000e-01    41.42       10.0  
100088   88943    21       21       -5.6568542495e-01    -8.0000000000e-01    41.42       10.0  
100106   88961    19       22       -5.6568542495e-01    -8.0000000000e-01    41.42       10.0  
100124   88976    19       20       -5.6568542495e-01    -8.0000000000e-01    41.42       10.0  
100142   88991    15       22       -5.6568542495e-01    -8.0000000000e-01    41.42       10.0  
100154   89003    17       12       -5.6568542495e-01    -8.0000000000e-01    41.42       10.0  
100177   89025    18       23       -5.6568542495e-01    -8.0000000000e-01    41.42       10.0  
100195   89041    18       14       -5.6568542495e-01    -8.0000000000e-01    41.42       10.0  
100211   89056    18       16       -5.6568542495e-01    -8.0000000000e-01    41.42       10.0  
100229   89074    18       16       -5.6568542495e-01    -8.0000000000e-01    41.42       10.0  
100245   89088    18       16       -5.6568542495e-01    -8.0000000000e-01    41.42       10.0  
100263   89104    18       19       -5.6568542495e-01    -8.0000000000e-01    41.42       10.0  
100281   89122    20       21       -5.6568542495e-01    -8.0000000000e-01    41.42       10.0  
100299   89139    16       22       -5.6568542495e-01    -8.0000000000e-01    41.42       10.0  
100311   89151    18       23       -5.6568542495e-01    -8.0000000000e-01    41.42       10.0  
100329   89169    14       12       -5.6568542495e-01    -8.0000000000e-01    41.42       10.0  
100341   89181    22       22       -5.6568542495e-01    -8.0000000000e-01    41.42       10.0  
100359   89196    18       24       -5.6568542495e-01    -8.0000000000e-01    41.42       10.0  
100377   89211    14       18       -5.6568542495e-01    -8.0000000000e-01    41.42       10.0  
100407   89237    18       17       -5.6568542495e-01    -8.0000000000e-01    41.42       10.0  
100425   89253    20       19       -5.6568542495e-01    -8.0000000000e-01    41.42       10.0  
100443   89269    16       19       -5.6568542495e-01    -8.0000000000e-01    41.42       10.0  
100454   89280    13       15       -5.6568542495e-01    -8.0000000000e-01    41.42       10.0  
100477   89301    14       23       -5.6568542495e-01    -8.0000000000e-01    41.42       10.0  
100489   89313    14       24       -5.6568542495e-01    -8.0000000000e-01    41.42       10.1  
100501   89325    12       15       -5.6568542495e-01    -8.0000000000e-01    41.42       10.1  
100513   89336    12       17       -5.6568542495e-01    -8.0000000000e-01    41.42       10.1  
100530   89351    13       25       -5.6568542495e-01    -8.0000000000e-01    41.42       10.1  
100546   89364    7        25       -5.6568542495e-01    -8.0000000000e-01    41.42       10.1  
100560   89377    9        17       -5.6568542495e-01    -8.0000000000e-01    41.42       10.1  
100577   89389    8        17       -5.6568542495e-01    -8.0000000000e-01    41.42       10.1  
An optimal solution satisfying the relative gap tolerance of 1.00e-02(%) has been located.
The relative gap is 0.00e+00(%).
An optimal solution satisfying the absolute gap tolerance of 0.00e+00 has been located.
The absolute gap is 0.00e+00.

Objective of best integer solution : -5.656854249492e-01     
Best objective bound               : -5.656854249492e-01     
Construct solution objective       : Not employed
User objective cut value           : Not employed
Number of cuts generated           : 194
  Number of Gomory cuts            : 47
  Number of CMIR cuts              : 147
Number of branches                 : 100593
Number of relaxations solved       : 89399
Number of interior point iterations: 7
Number of simplex iterations       : 260908
Time spend presolving the root     : 0.00
Time spend optimizing the root     : 0.02
Mixed integer optimizer terminated. Time: 10.06

Optimizer terminated. Time: 10.08   


Integer solution solution summary
  Problem status  : PRIMAL_FEASIBLE
  Solution status : INTEGER_OPTIMAL
  Primal.  obj: -5.6568542495e-01   nrm: 1e+01    Viol.  con: 9e-16    var: 0e+00    itg: 2e-16  
