

Problem
  Name                   :                 
  Objective sense        : min             
  Type                   : LO (linear optimization problem)
  Constraints            : 301             
  Cones                  : 0               
  Scalar variables       : 26              
  Matrix variables       : 0               
  Integer variables      : 25              

Optimizer started.
Mixed integer optimizer started.
Threads used: 6
Presolve started.
Presolve terminated. Time = 0.01
Presolved problem: 26 variables, 301 constraints, 925 non-zeros
Presolved problem: 0 general integer, 25 binary, 1 continuous
Clique table size: 0
BRANCHES RELAXS   ACT_NDS  DEPTH    BEST_INT_OBJ         BEST_RELAX_OBJ       REL_GAP(%)  TIME  
0        0        1        0        -5.0000000000e-01    NA                   NA          0.0   
0        1        1        0        -5.0000000000e-01    -3.9023968209e+00    680.48      0.0   
0        1        1        0        -7.0710678119e-01    -3.9023968209e+00    451.88      0.0   
Cut generation started.
0        1        1        0        -7.0710678119e-01    -3.9023968209e+00    451.88      0.0   
0        2        1        0        -7.0710678119e-01    -3.7203682777e+00    426.14      0.0   
0        3        1        0        -7.0710678119e-01    -3.5555022920e+00    402.82      0.0   
0        4        1        0        -7.0710678119e-01    -3.4514543624e+00    388.11      0.0   
0        5        1        0        -7.0710678119e-01    -3.3684848527e+00    376.38      0.0   
0        6        1        0        -7.0710678119e-01    -3.3077233415e+00    367.78      0.0   
0        7        1        0        -7.0710678119e-01    -3.2639064791e+00    361.59      0.0   
0        8        1        0        -7.0710678119e-01    -3.2008341791e+00    352.67      0.0   
0        9        1        0        -7.0710678119e-01    -3.1353319071e+00    343.40      0.0   
0        10       1        0        -7.0710678119e-01    -3.0532985258e+00    331.80      0.0   
0        11       1        0        -7.0710678119e-01    -3.0129001960e+00    326.09      0.0   
0        12       1        0        -7.0710678119e-01    -2.9966792608e+00    323.79      0.0   
0        13       1        0        -7.0710678119e-01    -2.9897955484e+00    322.82      0.1   
0        14       1        0        -7.0710678119e-01    -2.9848996417e+00    322.13      0.1   
0        15       1        0        -7.0710678119e-01    -2.9678943157e+00    319.72      0.1   
0        16       1        0        -7.0710678119e-01    -2.9519721261e+00    317.47      0.1   
0        17       1        0        -7.0710678119e-01    -2.9473426630e+00    316.82      0.1   
0        18       1        0        -7.0710678119e-01    -2.9429843257e+00    316.20      0.1   
Cut generation terminated. Time = 0.06
0        20       1        0        -7.0710678119e-01    -2.9405613136e+00    315.86      0.1   
1        31       1        0        -7.0710678119e-01    -2.9405613136e+00    315.86      0.1   
13       43       1        0        -7.0710678119e-01    -2.9405613136e+00    315.86      0.1   
29       58       1        0        -7.0710678119e-01    -2.9405613136e+00    315.86      0.1   
47       76       1        0        -7.0710678119e-01    -2.9405613136e+00    315.86      0.1   
77       106      1        0        -7.0710678119e-01    -2.9405613136e+00    315.86      0.1   
89       118      9        3        -7.0710678119e-01    -2.9309357740e+00    314.50      0.1   
107      136      19       5        -7.0710678119e-01    -2.8635329413e+00    304.96      0.1   
125      154      29       5        -7.0710678119e-01    -2.8332511250e+00    300.68      0.1   
149      178      39       8        -7.0710678119e-01    -2.8332511250e+00    300.68      0.1   
185      213      49       11       -7.0710678119e-01    -2.8332511250e+00    300.68      0.1   
233      260      61       15       -7.0710678119e-01    -2.8332511250e+00    300.68      0.1   
293      315      83       8        -7.0710678119e-01    -2.7311009832e+00    286.24      0.2   
371      390      125      13       -7.0710678119e-01    -2.3328146013e+00    229.91      0.2   
491      501      161      12       -7.0710678119e-01    -2.2360679775e+00    216.23      0.2   
647      647      227      10       -7.0710678119e-01    -2.0615528128e+00    191.55      0.2   
869      842      273      11       -7.0710678119e-01    -2.0615528128e+00    191.55      0.2   
1138     1080     296      10       -7.0710678119e-01    -1.8027756377e+00    154.95      0.2   
1138     1082     296      10       -7.0710678119e-01    -1.8027756377e+00    154.95      0.2   
1143     1094     296      10       -7.0710678119e-01    -1.8027756377e+00    154.95      0.2   
1154     1105     296      10       -7.0710678119e-01    -1.8027756377e+00    154.95      0.2   
1169     1119     296      10       -7.0710678119e-01    -1.8027756377e+00    154.95      0.2   
1185     1131     296      10       -7.0710678119e-01    -1.8027756377e+00    154.95      0.2   
1203     1146     296      10       -7.0710678119e-01    -1.8027756377e+00    154.95      0.2   
1486     1386     273      15       -7.0710678119e-01    -1.5811388301e+00    123.61      0.3   
1756     1614     225      11       -7.0710678119e-01    -1.5000000000e+00    112.13      0.3   
1978     1809     185      17       -7.0710678119e-01    -1.5000000000e+00    112.13      0.3   
2158     1953     135      11       -7.0710678119e-01    -1.4142135624e+00    100.00      0.3   
2290     2059     97       16       -7.0710678119e-01    -1.4142135624e+00    100.00      0.3   
2386     2140     77       18       -7.0710678119e-01    -1.1582912447e+00    63.81       0.3   
2458     2201     55       13       -7.0710678119e-01    -1.1460547016e+00    62.08       0.3   
2512     2245     43       12       -7.0710678119e-01    -1.1180339887e+00    58.11       0.3   
2554     2275     31       15       -7.0710678119e-01    -1.1180339887e+00    58.11       0.3   
2584     2301     27       17       -7.0710678119e-01    -1.1180339887e+00    58.11       0.3   
2586     2312     27       17       -7.0710678119e-01    -1.1180339887e+00    58.11       0.3   
2600     2324     27       17       -7.0710678119e-01    -1.1180339887e+00    58.11       0.3   
2631     2352     29       9        -7.0710678119e-01    -1.1180339887e+00    58.11       0.3   
2655     2372     23       10       -7.0710678119e-01    -1.1180339887e+00    58.11       0.3   
2673     2387     25       18       -7.0710678119e-01    -1.1180339887e+00    58.11       0.3   
2697     2405     21       6        -7.0710678119e-01    -1.1180339887e+00    58.11       0.3   
2715     2419     15       12       -7.0710678119e-01    -1.1180339887e+00    58.11       0.3   
2727     2430     17       14       -7.0710678119e-01    -1.1180339887e+00    58.11       0.3   
2739     2441     17       12       -7.0710678119e-01    -1.1180339887e+00    58.11       0.3   
2763     2461     17       14       -7.0710678119e-01    -1.1180339887e+00    58.11       0.3   
2775     2472     17       15       -7.0710678119e-01    -1.1180339887e+00    58.11       0.3   
2787     2483     17       17       -7.0710678119e-01    -1.1180339887e+00    58.11       0.3   
2799     2494     15       14       -7.0710678119e-01    -1.1180339887e+00    58.11       0.3   
2823     2515     13       11       -7.0710678119e-01    -1.1180339887e+00    58.11       0.3   
2847     2537     13       15       -7.0710678119e-01    -1.1180339887e+00    58.11       0.3   
2859     2548     17       16       -7.0710678119e-01    -1.1180339887e+00    58.11       0.3   
2880     2562     14       16       -7.0710678119e-01    -1.1180339887e+00    58.11       0.3   
2892     2573     14       18       -7.0710678119e-01    -1.1180339887e+00    58.11       0.3   
2904     2584     18       18       -7.0710678119e-01    -1.1180339887e+00    58.11       0.3   
2921     2601     11       15       -7.0710678119e-01    -1.1180339887e+00    58.11       0.3   
2932     2612     10       18       -7.0710678119e-01    -1.1180339887e+00    58.11       0.3   
2944     2624     8        19       -7.0710678119e-01    -1.1180339887e+00    58.11       0.3   
2959     2638     5        11       -7.0710678119e-01    -1.1180339887e+00    58.11       0.3   
2974     2649     4        17       -7.0710678119e-01    -1.0330873664e+00    46.10       0.3   
An optimal solution satisfying the relative gap tolerance of 1.00e-02(%) has been located.
The relative gap is 0.00e+00(%).
An optimal solution satisfying the absolute gap tolerance of 0.00e+00 has been located.
The absolute gap is 0.00e+00.

Objective of best integer solution : -7.071067811865e-01     
Best objective bound               : -7.071067811865e-01     
Construct solution objective       : Not employed
User objective cut value           : Not employed
Number of cuts generated           : 152
  Number of Gomory cuts            : 58
  Number of CMIR cuts              : 94
Number of branches                 : 2978
Number of relaxations solved       : 2653
Number of interior point iterations: 7
Number of simplex iterations       : 11405
Time spend presolving the root     : 0.01
Time spend optimizing the root     : 0.00
Mixed integer optimizer terminated. Time: 0.34

Optimizer terminated. Time: 0.34    


Integer solution solution summary
  Problem status  : PRIMAL_FEASIBLE
  Solution status : INTEGER_OPTIMAL
  Primal.  obj: -7.0710678119e-01   nrm: 1e+01    Viol.  con: 9e-16    var: 0e+00    itg: 1e-16  
