

Problem
  Name                   :                 
  Objective sense        : min             
  Type                   : LO (linear optimization problem)
  Constraints            : 301             
  Cones                  : 0               
  Scalar variables       : 26              
  Matrix variables       : 0               
  Integer variables      : 25              

Optimizer started.
Mixed integer optimizer started.
Threads used: 6
Presolve started.
Presolve terminated. Time = 0.00
Presolved problem: 26 variables, 301 constraints, 925 non-zeros
Presolved problem: 0 general integer, 25 binary, 1 continuous
Clique table size: 0
BRANCHES RELAXS   ACT_NDS  DEPTH    BEST_INT_OBJ         BEST_RELAX_OBJ       REL_GAP(%)  TIME  
0        0        1        0        -5.0000000000e-01    NA                   NA          0.0   
0        1        1        0        -5.0000000000e-01    -4.1286709909e+00    725.73      0.0   
0        1        1        0        -7.0710678119e-01    -4.1286709909e+00    483.88      0.0   
Cut generation started.
0        1        1        0        -7.0710678119e-01    -4.1286709909e+00    483.88      0.0   
0        2        1        0        -7.0710678119e-01    -3.9641345039e+00    460.61      0.0   
0        3        1        0        -7.0710678119e-01    -3.8041411577e+00    437.99      0.0   
0        4        1        0        -7.0710678119e-01    -3.6919102127e+00    422.11      0.0   
0        5        1        0        -7.0710678119e-01    -3.5397957541e+00    400.60      0.0   
0        6        1        0        -7.0710678119e-01    -3.3976066452e+00    380.49      0.0   
0        7        1        0        -7.0710678119e-01    -3.3814782096e+00    378.21      0.0   
0        8        1        0        -7.0710678119e-01    -3.3430256953e+00    372.78      0.0   
0        9        1        0        -7.0710678119e-01    -3.2795535845e+00    363.80      0.0   
0        10       1        0        -7.0710678119e-01    -3.2610978986e+00    361.19      0.0   
0        11       1        0        -7.0710678119e-01    -3.2572263515e+00    360.64      0.0   
Cut generation terminated. Time = 0.02
0        13       1        0        -7.0710678119e-01    -3.2569441721e+00    360.60      0.0   
1        24       1        0        -7.0710678119e-01    -3.2569441721e+00    360.60      0.1   
13       36       1        0        -7.0710678119e-01    -3.2569441721e+00    360.60      0.1   
29       52       1        0        -7.0710678119e-01    -3.2569441721e+00    360.60      0.1   
47       70       1        0        -7.0710678119e-01    -3.2569441721e+00    360.60      0.1   
77       100      1        0        -7.0710678119e-01    -3.2569441721e+00    360.60      0.1   
90       113      12       2        -7.0710678119e-01    -3.2398165034e+00    358.18      0.1   
102      125      16       3        -7.0710678119e-01    -3.2247365148e+00    356.05      0.1   
114      137      20       5        -7.0710678119e-01    -3.2195665420e+00    355.32      0.1   
132      154      34       6        -7.0710678119e-01    -3.1082744775e+00    339.58      0.1   
162      184      44       9        -7.0710678119e-01    -3.0563352019e+00    332.23      0.1   
204      220      46       7        -7.0710678119e-01    -2.9890099764e+00    322.71      0.1   
246      256      66       9        -7.0710678119e-01    -2.9003597726e+00    310.17      0.1   
312      321      94       15       -7.0710678119e-01    -2.9003597726e+00    310.17      0.1   
402      407      138      10       -7.0710678119e-01    -2.6906945322e+00    280.52      0.1   
540      538      206      11       -7.0710678119e-01    -2.4367638852e+00    244.61      0.1   
744      730      282      13       -7.0710678119e-01    -2.0615528128e+00    191.55      0.1   
1011     975      355      13       -7.0710678119e-01    -1.8027756377e+00    154.95      0.2   
1289     1224     385      16       -7.0710678119e-01    -1.8027756377e+00    154.95      0.2   
1572     1475     390      8        -7.0710678119e-01    -1.8027756377e+00    154.95      0.2   
1572     1477     390      8        -7.0710678119e-01    -1.8027756377e+00    154.95      0.2   
1577     1488     390      8        -7.0710678119e-01    -1.8027756377e+00    154.95      0.2   
1593     1501     390      8        -7.0710678119e-01    -1.8027756377e+00    154.95      0.2   
1609     1516     390      8        -7.0710678119e-01    -1.8027756377e+00    154.95      0.2   
1629     1536     390      8        -7.0710678119e-01    -1.8027756377e+00    154.95      0.2   
1929     1786     382      18       -7.0710678119e-01    -1.5811388301e+00    123.61      0.2   
2225     2027     352      21       -7.0710678119e-01    -1.4555859715e+00    105.85      0.3   
2542     2274     285      19       -7.0710678119e-01    -1.2588834765e+00    78.03       0.3   
2822     2508     221      13       -7.0710678119e-01    -1.1720838388e+00    65.76       0.3   
3038     2690     177      18       -7.0710678119e-01    -1.1180339887e+00    58.11       0.3   
3212     2840     135      9        -7.0710678119e-01    -1.1180339887e+00    58.11       0.3   
3344     2952     119      16       -7.0710678119e-01    -1.1180339887e+00    58.11       0.3   
3458     3054     115      14       -7.0710678119e-01    -1.1180339887e+00    58.11       0.3   
3572     3151     103      19       -7.0710678119e-01    -1.1180339887e+00    58.11       0.3   
3674     3229     83       17       -7.0710678119e-01    -1.1180339887e+00    58.11       0.3   
3674     3231     83       17       -7.0710678119e-01    -1.1180339887e+00    58.11       0.3   
3679     3243     83       17       -7.0710678119e-01    -1.1180339887e+00    58.11       0.3   
3691     3255     83       17       -7.0710678119e-01    -1.1180339887e+00    58.11       0.3   
3705     3268     83       17       -7.0710678119e-01    -1.1180339887e+00    58.11       0.3   
3717     3280     83       17       -7.0710678119e-01    -1.1180339887e+00    58.11       0.3   
3803     3357     77       20       -7.0710678119e-01    -1.1180339887e+00    58.11       0.3   
3875     3416     67       13       -7.0710678119e-01    -1.1180339887e+00    58.11       0.3   
3941     3475     67       18       -7.0710678119e-01    -1.1180339887e+00    58.11       0.4   
4007     3532     59       15       -7.0710678119e-01    -1.1180339887e+00    58.11       0.4   
4061     3573     61       20       -7.0710678119e-01    -1.1180339887e+00    58.11       0.4   
4121     3624     51       14       -7.0710678119e-01    -1.1180339887e+00    58.11       0.4   
4169     3666     43       19       -7.0710678119e-01    -1.1180339887e+00    58.11       0.4   
4211     3700     39       16       -7.0710678119e-01    -1.1180339887e+00    58.11       0.4   
4247     3732     29       19       -7.0710678119e-01    -1.1180339887e+00    58.11       0.4   
4271     3753     25       15       -7.0710678119e-01    -1.1180339887e+00    58.11       0.4   
4295     3773     23       14       -7.0710678119e-01    -1.1180339887e+00    58.11       0.4   
4313     3788     19       17       -1.0000000000e+00    -1.1180339887e+00    11.80       0.4   
4333     3799     9        11       -1.0000000000e+00    -1.1180339887e+00    11.80       0.4   
4345     3810     11       10       -1.0000000000e+00    -1.1180339887e+00    11.80       0.4   
4357     3822     9        14       -1.0000000000e+00    -1.1180339887e+00    11.80       0.4   
4372     3837     12       12       -1.0000000000e+00    -1.1180339887e+00    11.80       0.4   
4392     3857     12       15       -1.0000000000e+00    -1.1180339887e+00    11.80       0.4   
4404     3869     10       16       -1.0000000000e+00    -1.1180339887e+00    11.80       0.4   
4419     3884     15       17       -1.0000000000e+00    -1.1180339887e+00    11.80       0.4   
4440     3905     8        15       -1.0000000000e+00    -1.1180339887e+00    11.80       0.4   
4453     3918     9        19       -1.0000000000e+00    -1.1180339887e+00    11.80       0.4   
4464     3929     4        18       -1.0000000000e+00    -1.1180339887e+00    11.80       0.4   
4477     3942     5        19       -1.0000000000e+00    -1.1180339887e+00    11.80       0.4   
An optimal solution satisfying the relative gap tolerance of 1.00e-02(%) has been located.
The relative gap is 0.00e+00(%).
An optimal solution satisfying the absolute gap tolerance of 0.00e+00 has been located.
The absolute gap is 0.00e+00.

Objective of best integer solution : -1.000000000000e+00     
Best objective bound               : -1.000000000000e+00     
Construct solution objective       : Not employed
User objective cut value           : Not employed
Number of cuts generated           : 95
  Number of Gomory cuts            : 30
  Number of CMIR cuts              : 65
Number of branches                 : 4482
Number of relaxations solved       : 3947
Number of interior point iterations: 7
Number of simplex iterations       : 13402
Time spend presolving the root     : 0.00
Time spend optimizing the root     : 0.02
Mixed integer optimizer terminated. Time: 0.39

Optimizer terminated. Time: 0.41    


Integer solution solution summary
  Problem status  : PRIMAL_FEASIBLE
  Solution status : INTEGER_OPTIMAL
  Primal.  obj: -1.0000000000e+00   nrm: 9e+00    Viol.  con: 0e+00    var: 0e+00    itg: 0e+00  
